12000
219 448
459 509
317 157
288 359
167 714
143 380
637 541
381 539
458 300
163 479
170 557
293 372
752 399
405 65
310 430
560 379
572 466
629 284
479 637
424 380
572 250
637 347
462 305
345 139
267 580
57 361
503 381
650 236
662 254
366 496
407 456
492 407
107 680
555 179
449 700
480 454
637 297
239 625
593 379
290 393
408 583
320 636
267 438
71 217
581 239
222 398
626 173
272 424
294 373
615 357
464 374
59 437
481 511
163 58
479 163
54 258
197 438
304 440
376 398
216 577
545 340
163 440
440 207
249 384
578 736
335 241
701 436
101 292
410 544
642 591
594 533
352 163
553 485
491 528
397 378
406 408
326 562
177 382
382 321
435 380
340 285
204 595
485 354
585 422
512 628
479 457
212 370
700 672
473 573
79 298
164 430
367 578
321 250
475 537
341 268
456 481
277 391
409 386
637 202
463 422
740 196
183 412
288 310
392 416
306 335
303 453
192 542
430 637
282 321
213 241
271 201
201 163
324 75
433 163
644 401
588 216
329 305
308 130
163 321
482 317
453 505
261 171
408 252
357 239
555 450
409 673
251 425
515 311
302 605
359 172
419 9
756 63
163 366
637 607
524 163
637 613
662 350
263 366
416 606
611 259
263 294
618 438
379 270
443 601
425 472
660 502
357 250
444 37
504 376
207 569
487 213
305 410
567 464
314 332
300 163
363 199
525 225
234 637
553 547
586 573
259 534
378 565
138 347
361 520
344 147
495 238
462 321
289 668
587 424
388 163
241 510
406 711
72 447
403 452
350 700
458 360
189 480
391 603
305 145
208 347
228 571
132 449
401 390
630 296
245 402
263 163
229 533
347 163
412 728
422 228
54 468
605 557
394 473
163 290
264 765
458 637
291 491
678 520
439 449
342 609
266 475
134 386
609 525
313 441
381 641
389 114
450 617
89 612
388 289
479 538
425 471
388 160
350 163
255 414
403 299
287 283
472 314
204 362
93 663
482 710
279 409
294 496
325 428
615 523
530 325
452 514
572 637
450 330
277 364
194 490
409 638
475 230
215 516
637 484
471 513
566 377
436 145
494 624
442 124
182 284
473 135
596 571
244 702
634 163
393 295
510 630
523 637
163 245
552 710
173 515
243 543
334 269
504 346
381 637
488 456
419 408
478 440
204 271
411 620
589 337
351 569
652 60
417 228
170 457
26 386
679 373
478 479
528 421
428 359
503 356
521 313
637 624
500 318
693 309
351 403
637 545
627 337
371 675
327 401
341 231
372 530
321 617
345 555
294 479
223 369
335 433
440 320
252 637
310 624
621 637
343 700
502 344
252 163
305 360
127 287
380 457
637 163
503 643
36 314
330 414
369 596
442 72
739 352
317 159
489 471
514 301
222 370
560 398
241 317
527 384
231 190
259 440
282 274
422 486
625 594
401 746
452 390
413 413
637 197
425 315
596 218
284 305
585 255
396 403
141 552
237 290
352 424
163 551
453 382
352 224
429 307
288 539
354 527
339 605
508 357
177 541
101 334
163 326
389 249
163 163
474 223
376 357
487 121
186 446
220 472
255 403
183 201
136 460
615 575
62 242
607 307
365 569
346 266
412 352
551 637
586 408
557 355
491 134
514 441
429 637
611 465
392 392
236 327
626 331
382 395
246 644
104 670
291 153
348 592
277 342
567 561
321 537
634 532
432 104
597 290
299 472
348 528
198 607
345 236
346 390
547 261
300 400
400 445
707 431
170 580
163 412
112 389
219 262
340 352
433 337
280 627
354 512
611 285
464 96
207 275
237 302
454 353
374 677
517 499
339 537
394 290
306 628
262 665
220 329
434 454
358 614
535 266
541 622
343 551
426 357
424 163
414 543
445 127
592 564
353 581
353 124
163 571
469 320
272 320
163 451
530 413
492 238
426 490
251 285
206 279
451 341
424 565
346 531
457 403
198 252
631 651
597 637
166 590
745 558
693 389
682 506
367 163
377 535
224 740
520 565
406 564
254 205
637 547
464 322
775 364
251 369
626 260
570 317
362 163
407 567
530 427
204 479
185 400
321 184
376 265
213 203
536 421
299 344
425 229
152 182
379 389
260 509
163 294
428 487
20 411
326 163
256 163
165 492
403 575
360 219
454 637
275 331
378 453
365 38
511 233
622 197
344 375
352 85
129 695
143 310
584 242
387 499
289 382
185 299
321 163
270 679
465 637
256 686
284 379
152 655
431 102
349 368
473 15
517 495
267 682
445 606
187 253
163 478
346 299
328 480
376 552
405 302
634 397
351 317
323 222
386 478
520 266
745 463
240 720
322 512
544 379
453 552
188 562
637 383
319 95
275 360
612 574
573 267
234 504
315 546
309 654
216 214
175 487
459 301
408 451
351 163
518 648
426 611
316 103
580 336
428 644
343 163
661 415
611 163
264 330
521 615
453 389
459 346
560 373
307 519
325 352
455 297
243 611
382 129
637 737
450 364
454 404
240 96
207 237
441 637
493 442
551 613
476 223
311 391
417 224
260 504
494 146
237 378
56 428
526 282
265 640
692 364
266 262
518 193
459 343
182 242
333 466
456 330
204 222
248 349
525 163
290 651
247 354
163 480
504 163
579 354
414 487
383 379
248 350
294 397
374 561
507 307
228 339
442 497
503 503
620 226
320 464
576 381
514 281
387 695
163 506
377 525
350 308
310 467
601 312
363 457
469 471
263 514
559 561
368 272
637 604
239 249
594 170
163 253
227 415
143 401
532 188
346 386
748 184
386 402
528 581
547 216
331 125
547 415
664 279
492 360
442 438
220 423
696 147
511 302
524 481
145 290
447 163
471 326
241 179
263 469
279 278
177 240
465 558
218 371
229 163
408 163
213 321
310 434
525 365
324 386
374 581
207 367
529 319
242 400
513 489
491 351
334 617
339 191
575 450
224 326
371 163
316 315
637 413
243 714
393 504
537 528
464 357
403 448
472 358
427 605
572 383
485 210
506 372
545 606
222 368
510 245
558 568
395 20
555 385
284 428
416 574
623 561
750 176
339 519
393 256
173 601
680 454
453 174
400 237
204 570
265 309
265 376
367 566
164 447
505 272
391 301
539 190
410 407
515 558
361 681
506 197
321 434
420 424
623 552
573 53
606 637
443 507
190 190
163 441
539 650
511 536
727 52
454 612
458 701
449 291
618 423
436 150
203 390
229 428
321 477
368 196
174 369
163 400
301 289
360 76
277 216
190 232
468 318
398 355
275 366
477 457
352 565
321 525
363 275
163 423
285 128
282 446
724 566
89 347
337 163
454 157
460 405
495 577
551 393
358 561
632 461
587 556
441 223
411 422
255 478
204 202
332 578
570 585
287 129
107 178
501 592
356 231
549 289
777 702
617 486
506 414
252 339
451 300
543 548
174 253
163 273
517 559
273 385
409 212
246 284
357 165
386 571
462 511
476 637
171 332
529 437
204 512
620 310
356 215
260 313
378 163
348 399
579 386
256 457
108 410
463 499
235 62
431 92
417 23
163 205
408 637
434 588
308 576
545 326
380 197
589 538
579 353
282 642
737 326
419 498
202 114
627 362
631 557
355 536
163 454
458 516
530 145
278 347
456 78
156 492
163 396
321 604
365 703
365 266
494 569
691 183
603 442
421 457
315 578
272 165
166 291
396 642
178 321
395 404
549 582
339 423
730 452
336 145
357 588
525 357
326 711
321 300
153 373
624 410
637 321
637 359
497 460
416 561
669 242
382 502
340 302
163 637
410 723
285 359
438 682
463 373
242 326
472 385
111 299
635 493
326 418
356 550
523 219
342 685
382 333
666 346
463 304
180 455
637 305
200 498
516 631
455 721
549 274
175 461
490 465
729 208
243 259
425 430
380 536
191 494
463 178
582 252
444 610
294 75
175 516
419 41
637 458
459 498
191 424
400 484
488 420
624 400
266 615
191 450
265 587
197 248
488 600
163 257
366 149
115 529
328 322
637 479
409 642
456 472
395 610
396 387
354 422
163 588
612 486
368 381
243 250
277 378
532 532
567 406
608 525
516 441
163 502
126 163
484 334
669 163
377 638
584 163
572 32
467 594
228 557
437 121
294 407
369 163
375 335
331 607
297 305
163 623
390 409
293 724
458 618
537 585
293 615
700 517
349 507
402 561
397 171
299 300
83 717
188 730
738 612
391 628
587 54
760 672
321 637
168 460
488 643
467 309
524 366
353 615
339 621
680 440
415 180
359 637
677 256
541 51
452 721
163 507
479 309
417 637
375 139
434 366
199 432
517 432
719 381
244 414
163 356
613 196
598 486
388 469
310 461
125 467
100 457
637 284
410 275
509 640
412 316
637 279
460 257
406 252
112 562
515 209
218 390
398 223
365 721
539 268
276 630
163 446
345 77
231 498
172 345
628 277
311 451
448 260
768 389
274 599
329 585
414 436
218 598
150 453
649 324
633 435
212 722
394 251
345 373
441 479
637 338
571 378
512 452
172 559
394 637
458 182
338 343
608 559
210 483
404 561
703 106
289 224
627 384
718 495
402 111
348 293
167 527
236 519
248 469
474 392
124 351
529 529
163 361
58 491
663 377
343 376
412 613
279 334
386 180
320 134
446 659
367 580
480 163
347 244
573 399
273 295
385 468
341 163
563 476
385 94
393 535
336 316
249 321
410 672
620 641
396 744
380 212
249 597
150 171
632 290
416 691
237 268
478 273
7 637
199 504
631 486
178 437
508 371
348 396
603 314
531 332
474 265
499 347
558 457
504 505
482 253
420 386
79 481
410 643
722 358
163 444
38 404
192 472
615 453
607 275
436 321
325 483
683 413
399 557
596 300
321 516
486 394
383 562
243 290
196 175
692 638
668 289
617 542
541 396
163 340
80 463
455 163
637 568
383 637
94 587
345 328
52 648
622 217
331 507
406 476
351 365
378 196
637 363
478 451
133 239
230 176
516 438
448 494
527 403
338 716
340 447
451 240
480 477
730 393
130 350
567 358
473 568
521 321
677 519
505 352
399 527
464 632
439 521
169 454
488 526
519 583
260 332
388 405
289 355
236 257
372 197
308 301
500 394
465 307
511 505
186 373
347 503
218 423
337 618
396 245
569 193
516 129
490 441
534 163
400 246
484 502
444 435
419 344
245 371
613 261
371 580
163 425
274 367
175 359
281 338
447 161
398 473
122 470
110 500
498 665
489 432
383 541
271 465
526 658
426 336
28 440
428 539
441 163
590 367
637 175
561 351
477 354
200 281
535 432
555 163
476 97
200 635
108 367
637 436
504 528
353 414
434 517
174 400
321 206
421 604
663 495
213 199
507 174
219 364
459 637
266 386
362 162
76 497
637 526
753 64
637 419
611 304
204 150
392 637
630 301
263 637
151 352
412 616
186 396
286 318
526 498
759 257
275 209
562 176
455 388
313 557
210 557
486 87
762 423
596 550
460 497
296 512
313 482
426 215
260 376
396 81
754 279
255 737
318 335
637 414
432 163
266 583
64 384
533 637
435 186
212 189
589 395
147 183
352 617
394 214
352 81
545 177
479 250
424 49
564 504
340 356
92 396
495 393
226 441
380 551
600 262
660 395
359 258
211 365
302 446
554 589
479 631
699 352
523 529
229 584
711 178
163 346
433 370
214 585
637 307
323 219
632 526
526 35
259 203
267 226
223 241
332 490
426 447
237 252
469 357
251 367
385 227
685 344
163 415
119 277
248 289
227 321
345 121
326 139
458 404
541 544
569 398
618 464
341 177
531 167
355 689
346 259
500 637
471 357
367 280
544 255
299 432
665 187
343 146
435 619
346 505
341 341
163 223
381 269
385 513
543 340
471 637
321 627
297 468
375 701
349 436
311 214
315 519
405 334
637 112
474 483
466 533
444 513
129 455
177 364
483 130
626 477
290 219
218 340
163 325
213 236
400 287
522 384
432 370
237 465
516 319
141 177
407 637
46 498
585 368
163 419
338 345
231 376
574 337
488 129
532 364
741 60
273 376
658 568
562 400
415 606
226 433
432 321
536 328
480 500
298 181
392 301
189 310
283 186
603 163
338 589
333 530
321 349
433 138
622 152
444 496
424 633
405 351
291 315
282 637
414 232
437 713
454 670
350 523
415 302
258 576
387 545
398 779
487 346
279 562
516 621
416 372
248 433
593 228
524 475
436 442
268 574
315 279
292 13
378 519
567 129
548 520
626 663
421 232
721 387
446 442
269 538
505 607
367 461
215 410
331 718
479 221
253 411
352 592
201 259
493 481
485 359
515 637
489 157
17 352
140 441
413 390
367 209
422 637
508 198
336 674
507 409
392 163
140 472
315 491
288 213
420 460
360 637
769 315
408 443
618 478
450 581
609 633
416 163
457 500
342 637
296 342
362 577
107 207
268 378
360 153
417 525
513 367
362 379
541 313
486 352
436 278
643 361
214 353
637 637
352 405
602 573
605 543
360 163
312 440
346 555
387 441
451 245
359 495
163 393
352 259
184 635
614 175
302 14
477 184
166 417
355 627
727 494
515 280
290 667
242 217
446 635
378 392
433 473
274 223
336 586
202 690
607 372
432 546
329 270
278 264
163 509
703 390
608 424
358 202
315 380
637 401
400 193
335 171
340 628
393 512
543 755
462 232
655 163
384 606
290 522
374 163
247 611
435 340
581 573
197 441
403 291
518 547
613 425
163 516
637 494
268 506
348 358
428 414
100 176
123 440
593 507
563 326
206 548
485 391
295 408
626 315
454 145
392 300
266 177
244 637
701 222
114 427
59 397
758 428
228 386
204 486
288 426
325 171
399 771
363 213
254 530
452 644
337 301
249 406
264 262
241 283
274 258
333 448
185 247
345 230
374 455
551 163
340 365
344 125
404 553
651 258
137 416
570 395
516 530
476 165
401 785
227 165
250 427
325 418
309 363
355 202
394 688
620 436
295 577
463 415
457 221
281 213
321 186
360 278
439 544
628 533
358 644
562 637
219 290
491 322
402 733
378 507
588 687
395 599
413 216
479 505
244 397
616 430
532 457
468 496
224 548
478 270
574 732
373 265
433 224
390 165
106 324
637 300
448 451
205 264
320 499
296 197
382 509
325 432
594 480
243 324
439 281
375 360
179 637
618 603
278 432
505 416
360 75
446 469
618 414
400 429
512 561
119 569
387 167
361 266
318 633
347 521
603 486
398 189
354 163
477 587
177 499
226 179
537 476
221 485
439 126
479 321
170 205
555 296
697 284
348 282
479 508
454 500
455 310
146 238
367 425
271 240
670 340
323 201
635 345
427 244
284 606
586 637
263 296
472 523
417 277
206 319
531 426
331 323
185 543
467 511
338 733
97 320
323 589
454 587
122 498
637 557
395 747
411 546
388 128
300 458
342 444
165 332
360 380
640 664
403 397
504 552
493 450
360 703
120 108
777 356
473 163
637 289
117 174
171 624
460 584
553 215
597 398
163 374
265 311
406 520
486 209
510 257
131 545
581 407
464 436
709 352
323 224
127 521
100 341
298 527
637 342
50 190
625 406
264 171
163 539
378 111
329 494
490 467
176 611
284 416
274 163
187 376
574 335
292 636
608 496
400 505
441 742
567 226
129 59
427 374
426 780
445 233
273 483
553 129
397 30
487 653
126 320
384 460
317 296
557 585
594 407
497 356
436 727
479 549
634 278
396 725
5 795
478 437
469 352
480 359
241 438
187 383
698 374
670 70
539 460
224 648
337 525
181 538
436 255
318 363
346 701
165 548
399 577
528 425
249 292
355 85
548 409
506 348
462 480
766 521
412 499
247 506
242 395
520 407
163 607
91 239
409 163
225 371
407 511
405 611
620 687
256 284
163 282
482 324
187 281
385 479
388 210
408 594
555 170
389 431
546 185
487 556
213 465
644 180
301 492
357 544
561 339
428 594
445 430
476 477
664 293
150 380
249 526
251 391
487 470
295 637
400 242
239 163
425 214
637 653
120 457
499 351
644 410
509 243
96 147
252 597
54 210
158 283
308 424
175 220
364 347
437 442
550 502
741 278
541 342
629 514
498 388
637 278
386 701
555 537
715 738
453 188
148 488
488 445
458 346
218 321
246 404
371 124
151 407
454 378
659 352
439 210
436 568
556 417
163 537
291 403
393 369
247 181
128 560
338 436
637 466
295 330
697 359
82 477
500 500
166 365
163 387
717 605
563 627
194 171
605 409
286 359
501 282
275 412
481 418
373 440
163 464
279 541
340 301
301 255
778 525
354 269
468 531
280 392
163 563
597 335
244 402
300 742
320 491
138 279
341 534
588 335
627 637
692 413
221 238
195 415
423 546
356 317
211 166
424 320
428 273
201 298
480 459
530 262
228 34
412 422
619 169
358 516
369 288
439 305
537 494
312 450
121 421
637 491
344 524
321 355
242 589
459 539
424 442
306 150
649 424
117 458
423 292
428 368
398 281
575 474
342 88
463 192
418 290
418 529
461 16
704 468
532 163
369 468
369 394
657 402
374 298
635 407
372 269
172 229
351 650
304 141
278 419
341 426
532 765
241 431
266 174
232 458
476 255
358 565
658 455
686 315
435 55
166 303
629 255
592 405
338 451
169 359
390 163
460 328
637 49
439 309
321 690
333 135
224 229
506 544
591 373
216 641
311 627
555 530
222 224
225 96
290 494
515 261
474 534
427 407
353 416
293 457
443 169
439 505
186 131
495 337
457 278
296 311
215 163
435 566
509 565
473 530
90 380
473 7
534 189
161 13
533 482
334 663
531 198
275 350
367 424
204 637
725 637
522 344
342 379
273 165
266 424
402 221
124 163
223 209
627 363
440 637
398 196
323 315
163 41
325 412
341 408
362 272
359 476
402 588
690 419
247 576
68 553
355 319
382 269
591 489
353 339
214 232
397 257
249 353
548 286
411 784
537 401
313 637
472 500
355 334
464 515
423 166
242 376
474 487
500 278
690 496
292 723
784 173
473 307
492 418
292 448
231 512
494 272
434 467
343 74
252 226
537 420
417 502
400 518
306 311
636 294
570 222
735 391
340 660
411 353
391 496
408 265
362 501
214 694
234 436
247 208
311 187
376 501
637 468
718 389
407 264
496 316
166 738
562 448
630 507
617 335
218 480
287 427
394 231
454 549
487 156
208 417
388 168
433 369
549 408
269 288
627 313
91 180
332 241
508 326
637 581
332 593
547 433
37 576
390 637
759 420
163 430
163 530
373 395
637 546
397 198
188 324
227 433
183 360
163 384
297 541
5 5
595 419
526 163
404 412
351 201
144 267
595 465
391 164
721 410
339 476
345 514
727 163
332 237
215 282
238 241
380 78
331 341
339 577
508 493
307 620
327 300
169 246
407 218
526 701
627 370
311 371
334 501
392 548
316 523
376 534
311 258
631 520
263 237
333 161
499 326
447 319
246 247
318 531
537 188
629 12
711 256
347 660
332 411
173 460
202 446
532 342
314 309
270 529
569 283
299 287
393 261
475 280
321 479
531 350
346 637
199 304
247 212
440 357
485 533
219 429
332 340
435 100
356 56
44 211
318 267
427 479
602 479
637 459
400 165
704 420
606 686
696 344
556 268
276 764
370 634
460 397
620 199
518 307
513 410
579 435
455 700
349 351
163 461
280 122
147 676
391 637
285 608
243 632
725 442
218 255
13 563
227 274
394 216
498 163
470 204
326 173
153 527
346 652
311 480
625 446
416 637
369 386
435 489
163 491
499 245
260 172
422 337
454 406
606 347
212 526
474 623
486 182
279 576
436 537
321 476
629 600
526 549
276 434
374 426
499 269
766 424
374 320
442 261
322 72
104 349
618 345
461 163
182 479
163 67
281 196
403 349
160 527
83 372
572 184
604 347
444 193
401 552
667 323
501 341
403 245
307 334
275 374
359 211
442 222
421 546
341 498
193 457
581 442
356 667
219 713
565 286
367 301
792 511
346 352
297 486
443 375
321 448
547 547
351 706
466 406
264 147
637 314
228 342
323 273
531 366
470 257
658 582
73 474
244 403
416 316
140 490
520 163
163 377
478 346
485 321
440 538
410 371
422 548
637 274
743 425
231 269
182 273
203 423
196 209
16 338
314 327
326 576
266 477
496 487
313 310
574 596
739 317
618 53
561 392
518 643
482 627
431 255
501 324
177 580
626 253
163 69
534 274
646 631
390 203
535 535
360 597
627 422
70 353
590 402
191 503
565 393
163 403
432 550
448 325
163 521
163 486
437 637
208 266
442 59
729 462
564 459
537 379
542 556
457 720
348 668
338 303
570 227
381 180
238 410
362 98
289 412
435 478
420 637
498 179
290 269
235 284
440 250
399 457
223 543
399 362
358 397
340 291
637 432
283 124
234 607
195 462
284 609
27 396
415 178
409 682
265 232
334 229
666 342
577 234
240 239
258 589
626 117
163 523
185 362
418 534
222 163
395 636
385 695
377 379
600 355
676 312
367 529
307 425
181 451
360 240
522 165
216 555
494 637
507 487
284 695
205 413
502 321
496 257
262 637
397 160
227 121
456 388
395 604
461 224
308 400
396 569
466 455
623 437
520 345
331 321
615 489
296 283
620 307
111 446
496 333
435 165
427 454
519 677
213 324
255 220
318 282
137 523
247 563
43 284
484 374
548 212
642 479
288 329
530 396
637 386
303 496
244 412
540 523
586 468
418 432
450 147
356 511
291 311
296 300
372 488
637 20
316 128
228 227
611 550
261 329
269 104
479 396
473 379
461 394
637 473
411 781
422 406
440 367
161 509
773 247
354 189
112 601
652 381
391 491
455 371
632 568
380 33
504 479
625 323
114 431
300 469
330 358
429 387
312 275
557 320
295 350
482 588
622 503
416 541
637 275
382 378
371 523
181 527
416 268
545 308
321 287
467 576
445 355
236 521
350 388
508 466
535 501
546 648
208 356
15 556
519 786
372 330
352 68
274 508
536 412
271 479
440 356
180 619
399 581
532 369
624 467
592 328
483 532
395 424
352 443
321 609
575 575
335 504
426 278
310 637
274 504
252 467
596 518
163 309
210 433
651 97
408 502
611 502
372 400
575 501
438 448
784 200
515 243
640 634
371 337
569 294
489 226
499 349
423 411
393 641
483 433
523 364
373 60
245 276
616 188
426 518
630 432
80 328
268 592
178 458
321 449
712 247
201 161
277 508
286 620
499 510
637 738
478 390
380 470
642 280
561 561
179 173
441 210
462 279
261 436
608 450
385 63
447 304
637 331
505 463
260 399
500 257
514 607
343 306
229 517
230 370
559 528
202 243
431 273
215 586
468 288
399 219
382 211
456 371
308 355
369 599
480 289
384 637
310 331
693 153
296 177
545 205
608 214
352 281
453 328
607 192
391 488
501 597
292 215
615 573
468 373
407 479
373 302
305 303
72 366
360 363
421 513
137 163
505 474
384 649
477 318
224 255
275 177
256 637
637 38
74 114
610 360
310 289
223 272
461 338
369 296
637 288
554 520
383 130
585 325
666 402
594 255
334 220
229 604
536 321
490 244
567 262
369 555
289 139
400 406
134 336
372 730
343 533
104 184
255 413
423 603
526 482
462 554
479 543
730 549
163 311
383 723
373 370
241 341
427 287
602 355
303 281
208 612
471 415
163 318
423 449
294 173
455 295
235 406
432 631
274 465
163 429
396 346
163 411
319 226
341 604
163 472
210 309
600 507
637 177
595 633
246 304
234 356
528 535
139 276
420 268
444 54
451 609
381 617
369 274
497 467
415 616
422 457
329 371
289 593
531 443
163 343
491 437
384 534
559 489
443 624
329 140
314 163
541 510
339 110
603 400
508 291
409 663
324 683
494 478
330 540
399 421
479 289
563 244
547 369
229 656
592 396
236 410
109 273
481 327
371 501
502 394
432 278
587 221
213 705
479 358
80 582
498 294
360 468
414 234
336 398
322 637
453 449
332 229
340 509
363 247
390 389
365 163
541 416
163 264
421 637
637 636
276 642
440 83
491 450
507 349
376 538
599 446
205 290
528 429
732 282
581 587
637 786
437 312
176 431
263 235
383 459
458 376
335 606
617 197
340 306
503 400
270 147
532 255
290 408
97 451
461 496
408 233
578 637
603 106
493 525
115 273
227 550
262 212
335 493
334 398
116 391
559 637
332 344
637 446
463 342
307 149
303 436
528 528
245 315
694 452
414 402
249 153
423 331
668 112
518 439
542 465
276 604
408 482
669 451
637 488
636 320
132 395
204 446
604 394
432 491
482 475
420 612
477 619
585 463
427 240
347 556
315 255
726 333
351 235
600 265
204 508
575 375
163 314
213 46
437 292
399 358
462 139
478 559
157 534
226 310
359 445
478 264
182 293
163 349
353 471
388 621
686 480
131 361
637 311
647 166
787 442
443 408
19 569
73 294
440 590
703 407
653 178
342 496
526 368
638 444
472 486
525 509
344 569
350 436
321 579
632 305
85 555
280 650
529 212
372 585
522 376
530 275
343 435
444 305
365 239
479 372
453 427
558 177
516 300
339 688
637 404
163 242
375 337
445 170
299 183
289 131
325 474
401 406
572 501
423 450
637 312
385 315
459 190
194 388
226 188
401 101
146 620
316 358
637 343
492 756
291 623
583 401
291 645
407 94
69 572
537 695
396 176
215 423
455 466
390 726
506 251
237 380
744 664
268 598
504 348
459 385
432 300
163 168
581 626
40 366
375 402
338 362
407 407
268 110
754 521
500 342
429 479
343 609
137 583
179 381
409 618
232 390
127 368
559 595
637 227
693 373
121 350
464 178
343 104
759 347
468 147
541 637
574 167
466 330
163 317
289 195
522 239
175 242
386 578
485 704
203 281
261 462
637 444
393 432
280 438
163 238
257 607
274 298
485 620
396 555
492 247
433 383
494 280
417 416
561 448
411 395
163 604
477 251
279 204
379 381
490 663
391 388
163 280
302 435
356 601
467 163
564 528
231 261
548 441
615 404
404 545
404 246
404 231
281 349
111 681
474 637
530 470
118 505
335 374
79 525
514 637
681 283
371 529
331 209
450 455
701 377
378 424
600 410
297 500
321 503
499 328
198 163
241 163
175 454
397 554
361 151
357 206
557 583
383 274
269 611
534 537
657 282
163 292
189 244
397 331
330 622
371 373
567 101
495 462
339 322
417 379
527 476
389 614
415 217
163 381
590 436
399 328
522 229
275 171
407 357
210 455
334 302
410 38
553 395
171 472
653 199
602 447
76 343
278 666
404 330
204 304
270 494
473 333
224 303
644 530
191 334
393 785
258 400
617 496
295 349
446 402
637 252
564 278
163 111
375 304
438 415
480 324
619 177
599 358
258 507
577 278
356 716
318 202
460 637
205 303
295 583
169 564
326 107
163 520
425 449
184 788
445 287
379 330
432 559
466 637
163 473
410 436
579 647
489 401
45 403
596 51
301 325
309 404
424 326
635 270
446 637
608 498
521 363
171 311
674 231
139 399
711 360
163 216
463 293
531 568
102 432
547 584
260 69
637 301
531 309
272 612
416 403
236 214
378 794
547 163
99 198
310 272
302 371
532 87
551 321
367 153
663 358
362 94
163 455
179 362
374 275
224 363
585 119
657 449
426 268
331 344
208 385
406 283
631 177
637 608
559 478
375 113
175 490
637 736
563 167
610 251
516 136
432 443
337 620
371 328
413 293
715 321
269 555
137 591
497 634
466 431
185 573
77 675
421 152
292 191
604 600
163 68
479 482
415 406
320 269
386 163
647 541
495 304
536 721
577 368
49 376
606 351
442 202
241 601
452 171
739 271
332 163
373 157
421 536
350 205
434 329
405 635
345 301
432 642
97 300
259 499
285 506
260 548
488 352
567 603
550 392
261 378
745 79
409 538
69 345
696 530
319 202
203 548
327 493
424 83
571 507
581 353
527 448
384 589
374 432
513 387
455 649
225 335
219 199
482 477
407 556
560 464
405 689
247 439
370 175
542 290
216 397
163 494
637 493
392 372
407 619
445 569
304 256
357 637
163 474
538 199
469 278
380 263
485 472
381 228
172 436
346 222
351 439
210 259
206 351
397 220
232 486
175 290
544 587
294 705
254 252
410 545
526 303
526 431
637 299
377 477
331 602
163 414
535 575
628 558
722 453
465 530
113 251
307 321
596 443
415 272
187 387
734 436
202 163
194 291
431 163
172 469
195 37
377 124
405 321
450 217
490 261
261 289
524 440
469 521
229 48
77 394
567 488
401 157
323 637
145 637
337 167
549 229
522 354
637 281
203 703
521 620
279 500
716 504
420 658
451 631
352 214
726 371
365 525
387 637
534 469
614 384
605 311
163 556
171 754
777 619
261 163
365 497
543 479
580 353
209 452
321 397
447 433
203 477
509 163
163 424
184 342
589 789
291 248
693 312
302 294
568 402
275 163
637 437
347 388
449 394
283 163
273 459
175 603
399 39
496 355
475 601
163 243
488 276
55 183
334 637
439 740
633 479
6 488
453 163
150 275
353 604
163 90
582 423
163 251
623 662
456 363
221 217
178 415
547 637
247 321
404 183
374 177
428 213
517 244
634 411
705 357
107 489
503 439
526 585
475 558
571 310
353 630
606 706
420 615
521 227
265 497
490 611
521 637
348 172
205 436
732 442
385 414
294 244
475 653
382 615
562 473
516 565
373 619
207 637
500 358
530 111
337 540
471 81
492 581
352 289
299 159
554 393
484 261
163 511
408 187
592 434
534 517
395 50
280 595
236 417
369 391
316 163
163 501
377 463
403 283
494 573
163 120
565 595
347 193
83 604
691 133
591 630
184 459
226 496
385 698
208 442
513 163
490 671
197 333
596 587
418 543
295 511
637 339
454 163
767 415
148 337
321 420
163 279
525 388
417 598
163 407
777 180
700 380
637 306
573 70
376 31
710 395
210 315
163 476
258 163
357 455
660 553
475 254
474 316
477 314
225 713
389 168
440 517
433 396
420 520
562 229
502 239
476 654
252 549
450 499
637 465
412 568
549 281
464 686
270 387
303 637
733 340
540 408
146 285
424 661
158 637
257 510
466 253
564 164
492 269
214 219
394 338
387 163
430 694
305 510
467 505
401 374
578 248
247 169
745 483
450 413
529 339
468 489
637 282
311 492
661 296
429 271
239 509
588 752
386 248
421 503
497 339
115 440
163 367
398 698
640 323
230 373
675 262
339 456
61 386
478 626
349 285
198 313
307 533
652 531
487 682
446 163
434 181
178 605
514 354
352 495
284 268
143 355
582 542
426 543
268 449
489 365
563 163
451 624
96 438
507 374
537 310
547 364
327 541
417 244
655 628
459 221
384 329
503 580
211 364
365 513
267 555
524 331
353 351
344 479
357 111
405 475
499 637
463 128
607 497
422 559
363 163
464 335
321 413
163 258
382 531
297 272
353 714
392 550
365 523
517 455
563 241
179 163
219 544
278 527
747 486
548 551
321 673
326 321
460 478
655 453
343 130
635 549
176 18
269 642
286 314
373 421
460 369
231 746
238 477
479 225
451 164
640 502
498 399
299 582
501 214
154 455
689 332
369 57
189 258
464 582
505 211
68 203
440 419
250 322
244 244
163 276
524 239
476 352
465 163
338 479
203 223
407 340
468 635
637 364
172 574
110 447
462 344
616 484
102 659
332 551
220 514
170 94
316 303
264 536
477 521
321 225
420 296
487 240
259 417
281 205
770 21
206 421
542 384
716 326
322 97
458 661
539 211
168 406
417 526
247 452
449 637
409 283
322 710
449 406
637 280
457 644
373 254
380 427
182 520
384 199
163 239
107 523
440 522
371 358
393 380
548 418
163 291
604 261
544 224
532 611
698 417
393 434
432 274
515 613
265 327
260 404
345 633
284 163
711 466
338 314
315 314
525 448
531 390
637 532
533 391
436 303
442 128
211 275
476 571
220 394
382 549
190 671
330 436
248 348
352 194
344 324
233 375
419 316
367 274
532 437
654 694
333 159
343 399
747 381
430 283
345 506
550 338
472 372
591 551
243 408
464 511
223 691
515 163
477 603
256 321
492 380
612 448
324 559
229 561
245 163
437 163
248 417
217 481
379 201
379 163
674 356
217 585
582 637
650 652
164 663
358 717
216 276
464 493
678 597
179 500
506 680
347 427
196 227
633 291
694 346
247 82
209 555
251 458
724 251
496 420
215 441
495 296
503 549
372 441
486 396
285 278
450 190
302 300
367 543
146 398
145 459
301 125
237 264
594 223
621 435
253 415
181 439
160 360
124 480
76 306
357 412
324 298
659 342
626 475
286 393
479 299
367 525
195 355
501 431
478 562
274 321
499 228
109 532
317 324
614 574
715 412
329 593
509 153
459 155
346 162
191 326
477 523
309 358
450 338
687 505
630 491
218 214
376 628
348 549
476 269
13 629
227 568
372 321
479 540
752 704
342 673
58 562
507 222
417 540
368 574
198 443
323 138
507 163
203 268
217 587
186 535
228 448
420 42
371 680
313 436
328 569
488 479
260 320
285 163
496 461
372 128
312 382
55 341
430 607
342 322
401 240
219 472
380 512
259 323
226 447
640 520
411 386
617 490
637 560
471 468
356 163
328 486
542 621
366 383
132 543
412 199
439 163
297 403
210 437
255 630
163 371
236 405
477 163
593 448
487 163
379 578
304 489
163 207
620 179
518 375
248 478
285 374
413 220
652 356
507 649
433 659
203 369
522 163
418 637
316 298
310 288
451 258
397 411
439 250
449 451
473 484
489 162
314 457
204 557
209 431
691 426
407 550
577 302
667 427
719 440
280 280
611 451
224 314
479 597
163 784
513 301
320 498
737 395
470 242
604 638
645 304
315 224
692 312
206 455
221 269
637 332
483 297
480 348
642 39
637 325
492 351
426 677
432 245
369 492
478 263
396 194
267 294
205 227
175 554
466 326
290 649
377 288
207 376
350 544
589 416
166 514
286 321
637 191
603 413
28 593
290 469
356 590
345 365
455 325
475 132
438 280
688 603
655 539
163 418
153 265
412 179
487 311
580 411
406 412
425 321
537 547
689 232
658 637
629 462
520 367
500 651
162 472
300 338
421 220
410 562
261 317
309 645
409 706
701 627
515 407
624 172
442 445
308 320
458 508
457 573
347 445
623 580
113 262
510 637
501 246
316 266
455 318
719 570
346 485
222 446
422 353
622 399
581 373
665 396
421 126
472 378
373 328
322 436
561 527
120 637
170 281
474 244
439 169
425 475
351 390
163 184
394 325
599 163
364 603
462 261
167 325
637 251
346 138
206 86
416 442
143 418
704 312
284 476
345 308
360 247
552 346
372 430
215 143
429 518
419 96
528 461
273 545
373 253
398 452
329 498
274 231
226 306
194 269
435 275
289 637
734 382
470 62
9 230
227 126
637 371
503 172
284 579
281 163
734 380
407 508
562 623
278 171
584 479
30 163
267 273
381 397
466 498
628 370
372 309
411 230
220 421
436 313
336 230
440 241
211 430
201 476
73 377
18 315
273 163
618 621
598 338
382 572
581 478
624 220
210 328
537 576
507 200
442 312
296 500
321 555
427 702
449 385
365 413
567 287
489 115
507 531
241 194
317 343
517 619
637 396
144 464
414 401
424 218
289 278
329 578
519 461
637 271
128 613
542 491
706 469
518 174
336 317
248 625
163 358
518 637
603 583
384 748
351 734
414 618
209 489
637 441
320 320
394 259
413 187
219 329
537 486
311 466
375 341
738 580
387 388
565 397
396 566
237 163
232 288
439 490
318 318
598 190
189 535
524 117
313 328
368 466
426 748
146 265
328 115
377 32
245 610
420 353
228 237
142 395
334 610
371 232
680 469
533 282
479 268
296 245
394 323
538 328
507 341
382 293
212 334
467 669
100 465
217 553
163 526
513 205
520 321
576 318
649 705
263 271
403 608
133 634
616 458
393 564
381 201
629 355
38 410
189 552
657 403
617 274
597 509
337 399
414 479
415 607
339 372
255 555
308 472
650 344
637 219
268 174
640 403
312 574
554 308
163 289
359 359
330 767
600 235
163 394
181 163
614 584
529 351
354 211
308 505
430 287
277 510
46 317
620 440
613 540
399 405
589 333
332 433
336 502
228 220
59 564
648 328
341 219
415 411
90 163
451 455
309 488
272 262
28 235
145 638
435 637
300 171
427 291
471 312
735 444
235 312
561 231
428 107
402 403
330 637
241 328
582 437
205 702
207 406
209 442
380 659
260 633
498 463
288 358
209 297
163 308
243 320
433 312
604 171
540 264
613 356
771 600
433 524
258 342
479 270
303 482
474 347
383 401
237 345
458 663
147 521
514 509
629 163
211 461
235 566
187 536
637 380
478 576
176 147
637 394
547 585
401 318
163 220
196 384
429 287
163 244
455 298
203 414
439 484
139 377
163 190
65 77
190 383
513 258
636 415
720 337
432 18
389 280
274 596
404 163
618 277
188 618
522 484
607 493
96 399
143 519
579 629
223 307
236 548
176 441
311 532
637 247
580 466
434 522
313 510
354 503
364 430
347 460
404 565
461 271
364 241
433 591
637 245
457 360
363 609
507 388
499 420
387 177
408 446
427 269
322 152
571 622
314 649
591 479
533 437
557 248
704 218
601 515
236 392
665 432
463 336
362 430
431 521
295 653
386 174
488 48
571 465
330 448
603 601
531 382
497 559
413 297
667 155
144 414
495 355
546 650
427 268
458 491
490 607
561 186
634 53
456 397
580 224
448 290
322 317
367 349
413 267
283 264
591 334
163 635
436 206
245 430
303 163
390 714
305 453
477 489
503 134
511 478
271 254
300 567
622 84
433 343
619 352
14 440
331 637
43 598
163 496
682 155
378 542
539 381
124 238
213 371
624 605
228 384
637 528
360 431
357 375
399 163
709 494
163 49
422 83
372 468
141 319
596 163
396 468
291 637
126 286
375 582
610 295
251 171
501 292
596 520
619 606
414 233
315 149
212 533
415 470
198 220
215 615
223 198
163 550
424 405
315 213
475 377
328 508
515 499
496 163
419 531
287 457
637 346
513 279
226 201
432 551
242 314
612 482
591 242
637 553
692 370
341 406
365 473
554 403
386 444
452 322
329 434
369 86
186 43
219 492
498 361
476 342
326 423
779 603
415 121
430 377
331 491
316 490
464 361
394 275
321 588
259 423
475 399
367 401
613 446
35 410
380 406
570 441
608 275
382 467
565 572
637 680
321 353
426 174
23 295
377 55
163 554
163 409
490 363
333 294
329 366
205 519
445 324
628 171
347 457
237 493
136 148
530 496
321 185
68 484
167 447
422 388
315 404
362 632
351 331
163 209
163 583
252 389
551 508
228 434
549 605
297 344
509 349
536 467
288 488
303 253
449 538
205 637
424 317
196 229
236 408
190 247
233 437
208 383
330 352
615 184
321 235
452 600
610 385
430 326
513 443
478 277
462 397
352 482
420 400
337 171
458 689
188 325
214 193
341 499
283 574
420 163
277 551
411 430
348 366
587 551
227 119
384 181
406 121
391 749
367 288
381 297
690 330
449 655
146 127
130 419
171 474
338 163
353 477
330 370
670 364
636 474
655 435
471 635
460 611
166 322
694 406
333 670
315 326
489 282
329 322
595 408
257 538
396 48
670 237
471 84
637 145
530 609
537 504
499 567
263 244
685 260
410 163
380 613
272 430
127 496
399 197
359 98
537 493
571 395
294 303
382 465
240 266
390 609
412 398
301 542
370 371
497 509
442 637
346 611
112 432
517 213
249 410
339 487
504 343
180 558
548 273
336 578
105 327
604 637
609 531
373 637
297 423
693 326
743 541
349 487
405 176
747 597
300 621
616 390
584 450
529 371
557 553
113 271
319 460
472 131
524 529
601 408
436 528
272 583
343 553
195 321
395 178
303 242
379 684
163 462
768 580
294 365
156 508
401 280
497 478
321 226
466 669
561 305
446 406
543 337
353 358
616 404
79 230
583 559
637 477
550 163
468 308
148 208
430 430
604 592
173 321
760 396
221 539
394 421
644 68
413 611
637 603
411 637
488 302
371 479
349 684
595 371
418 582
338 327
271 163
516 451
637 406
348 314
332 203
260 324
616 196
427 547
257 338
333 278
611 477
330 608
655 276
525 282
249 637
194 255
393 78
543 365
496 637
487 613
436 551
696 585
163 386
109 486
494 750
658 363
483 368
512 504
516 328
574 514
321 288
289 239
295 136
538 531
570 557
234 316
391 582
392 611
236 338
456 223
372 293
409 354
280 335
163 442
218 589
483 255
163 261
498 124
432 349
140 414
286 446
542 224
701 446
330 477
662 382
219 251
592 448
138 443
192 654
515 587
533 470
254 382
311 293
607 342
478 213
560 479
455 334
173 549
333 344
518 151
424 544
353 556
476 634
607 638
290 241
637 286
412 545
561 293
372 426
298 46
581 406
233 389
343 238
52 595
519 637
331 413
188 453
175 498
205 481
519 271
427 536
332 223
508 392
305 419
549 460
416 748
486 471
400 491
353 672
167 435
448 488
418 251
572 62
233 348
751 309
261 676
311 222
762 232
206 383
113 391
43 323
539 584
478 226
463 609
550 414
82 443
49 457
569 465
250 391
376 581
637 317
392 71
363 225
228 416
376 407
312 611
470 507
105 447
565 203
637 36
540 633
414 533
637 621
138 401
567 503
491 276
599 276
281 500
485 643
531 633
289 358
314 670
428 195
350 614
190 163
487 329
361 219
579 569
573 136
371 334
519 361
252 262
447 98
203 166
360 281
352 328
62 395
236 345
310 366
600 403
286 479
217 292
700 412
383 434
503 612
252 219
587 299
305 464
164 453
361 66
543 385
380 721
411 76
601 468
454 550
452 105
488 235
268 496
325 204
460 475
432 121
511 109
322 588
140 442
630 479
296 515
126 467
576 485
673 637
420 277
596 361
217 478
265 423
580 163
623 398
342 643
227 163
188 139
604 363
49 587
408 272
71 229
462 479
349 281
214 351
542 441
308 330
603 318
281 469
253 321
558 259
339 227
64 358
533 424
436 637
208 541
26 458
409 479
332 416
399 134
370 321
502 544
407 234
288 637
97 418
404 614
512 381
385 496
430 629
558 166
191 381
399 242
407 185
618 454
292 450
699 326
359 228
582 256
637 420
768 379
236 296
610 347
457 438
292 651
491 491
610 399
488 513
356 310
458 439
508 562
540 709
332 252
565 306
117 307
637 385
325 167
551 374
300 384
163 215
330 494
315 214
516 370
368 717
227 408
464 533
317 650
325 285
234 354
656 437
492 249
405 394
620 580
329 268
637 382
406 460
281 360
694 384
182 567
339 163
585 251
518 594
473 554
581 218
295 580
269 147
218 387
393 283
571 408
93 175
558 378
419 177
478 614
609 440
49 194
370 468
637 94
425 631
203 254
231 309
205 205
637 514
372 254
126 519
535 452
757 383
31 163
254 253
601 505
256 543
646 619
453 404
264 465
599 453
313 456
355 396
449 144
320 500
539 257
79 237
75 226
256 522
281 704
449 542
461 500
39 301
464 443
598 500
296 637
778 239
637 194
465 492
423 374
495 491
218 356
132 499
163 328
311 697
493 656
289 493
128 529
310 582
207 557
186 482
483 339
276 478
442 284
689 475
608 353
394 236
166 359
154 418
330 683
526 254
388 449
448 397
270 528
177 362
630 163
498 570
374 497
263 165
644 531
393 262
637 485
273 234
314 497
551 483
436 623
537 553
718 355
520 205
729 264
301 163
646 271
356 750
347 528
556 425
509 453
359 252
80 561
443 646
297 307
303 517
202 468
613 322
332 274
455 398
503 280
315 544
63 457
405 518
446 155
221 478
637 471
479 230
138 393
522 427
637 327
45 169
519 281
501 660
337 637
160 410
163 353
578 383
199 199
324 482
377 601
355 691
151 163
345 397
295 436
334 400
613 134
492 466
333 133
238 244
510 263
213 405
537 546
19 225
505 393
509 245
268 466
589 501
161 319
454 207
440 163
207 606
355 443
436 399
391 275
179 427
351 58
463 103
454 392
449 128
753 590
108 373
620 183
612 321
628 522
477 572
370 528
400 356
589 745
637 258
321 622
386 75
163 208
31 407
250 163
419 297
379 659
182 445
71 406
236 394
273 215
335 492
450 573
469 664
466 202
636 585
347 523
323 372
411 164
529 425
214 743
345 261
365 275
260 627
321 480
433 596
522 387
114 371
424 562
343 368
576 529
305 463
439 340
336 637
623 241
609 163
647 310
548 369
267 638
457 376
45 163
675 493
174 505
595 520
243 588
318 548
481 497
415 239
229 732
214 152
103 42
209 327
212 384
447 605
413 192
368 518
163 167
437 520
345 34
429 374
611 380
342 214
555 159
354 312
471 517
413 617
170 43
637 397
439 177
519 438
322 319
589 371
195 479
181 501
487 312
505 595
441 436
633 304
584 637
441 53
565 740
418 103
637 409
637 434
550 320
355 174
322 282
349 640
101 401
543 637
258 369
517 321
234 241
614 614
48 368
575 166
325 437
491 385
165 215
200 650
696 388
342 410
160 679
483 328
342 106
365 194
233 434
439 411
627 447
386 637
384 270
378 732
300 522
476 263
485 485
214 610
571 256
418 230
289 307
404 523
267 784
62 435
246 603
539 530
406 248
314 264
256 502
324 317
336 409
213 452
183 259
171 470
163 585
373 419
419 111
478 164
413 476
567 621
308 375
478 141
444 212
529 316
509 431
307 521
169 527
378 319
352 357
300 451
266 375
525 429
322 463
727 142
343 432
569 383
105 746
545 724
418 445
445 637
412 239
472 532
244 507
278 592
229 320
302 243
568 45
555 341
332 200
518 365
378 249
693 431
666 637
589 487
432 525
637 353
450 294
476 201
252 521
294 164
737 437
727 332
163 492
609 308
90 773
594 121
414 662
412 391
336 302
510 352
170 499
663 420
435 327
301 260
443 202
188 463
534 616
438 460
294 278
330 242
336 368
554 571
584 373
163 482
438 458
205 377
50 397
191 471
233 322
362 728
301 402
259 654
330 373
291 466
487 419
423 289
232 223
487 381
627 539
649 475
335 396
328 488
235 263
506 334
351 649
636 372
785 627
656 464
256 313
545 637
462 688
402 447
388 523
440 422
135 704
663 501
559 408
404 188
395 116
281 433
163 249
379 490
197 166
313 108
610 321
500 274
516 625
586 278
317 637
397 184
401 605
456 592
438 637
326 262
185 230
434 254
325 644
313 599
435 215
150 350
290 115
290 87
692 637
552 558
163 457
455 585
426 496
501 477
524 284
372 509
351 324
517 183
494 461
607 483
404 392
472 454
23 260
90 384
191 465
591 287
467 252
544 197
162 464
367 294
468 190
448 672
190 519
519 483
209 339
79 451
637 521
452 287
617 529
717 294
491 168
456 340
368 676
338 527
465 371
379 377
264 413
175 198
678 552
178 336
556 702
565 321
297 196
375 535
44 237
33 423
249 433
588 354
372 386
375 263
533 375
386 414
526 592
539 497
533 479
163 391
605 309
192 436
62 221
261 299
254 412
333 257
48 322
436 372
637 790
476 680
352 548
701 637
438 629
594 576
428 445
790 666
333 52
543 485
552 479
431 504
729 392
386 611
592 386
567 370
679 290
283 368
370 384
390 550
337 424
482 328
425 235
124 454
390 263
216 388
558 548
326 425
357 367
544 462
354 568
615 586
578 368
286 358
268 163
309 493
280 359
539 163
503 523
615 241
512 354
368 622
186 751
324 365
419 514
453 600
270 539
573 554
206 328
474 736
461 306
442 561
354 343
25 186
426 294
293 386
233 344
158 365
592 478
585 458
204 366
278 436
388 637
541 351
447 546
605 292
511 472
378 579
522 552
412 299
191 637
417 490
586 206
520 615
637 294
400 531
375 357
354 637
335 637
204 440
374 425
344 557
163 348
289 352
229 476
516 209
333 234
264 486
447 349
475 390
745 351
196 515
560 210
241 456
166 321
277 574
139 354
543 69
286 533
415 485
399 298
50 363
388 558
437 111
627 309
751 408
495 163
626 261
210 262
496 403
445 196
334 558
402 147
637 395
532 649
471 377
287 664
350 578
629 333
431 575
682 380
412 151
615 76
431 276
451 163
587 268
333 163
323 101
605 307
233 559
317 138
461 31
477 595
351 299
33 116
334 320
99 568
760 384
572 554
237 549
315 535
385 617
463 637
629 374
415 673
572 347
379 321
637 90
239 321
637 429
487 286
419 506
270 316
422 669
397 370
387 321
241 308
316 417
529 409
420 556
381 528
553 209
498 290
270 326
262 552
436 163
729 406
165 634
489 163
707 587
346 163
89 370
266 431
637 442
656 414
287 517
527 634
723 335
507 559
562 272
191 163
470 236
300 368
311 210
163 320
392 424
333 290
352 531
676 484
536 422
553 418
332 519
350 67
649 320
288 353
337 276
365 256
637 550
326 606
593 422
259 230
174 511
625 133
204 638
560 438
386 591
288 581
510 543
637 263
344 362
526 366
568 201
588 416
212 321
527 173
196 405
107 543
590 374
321 346
258 635
259 264
351 510
438 529
367 781
274 328
236 669
381 380
172 541
429 63
618 315
551 439
550 608
522 540
609 425
158 497
202 637
416 587
252 250
300 398
572 373
182 450
534 363
208 272
508 299
706 487
300 477
409 192
271 554
284 357
224 193
503 451
320 588
645 293
202 460
486 477
280 317
35 372
462 443
503 482
283 198
717 388
346 682
244 294
498 202
127 351
422 692
693 422
544 265
266 515
245 539
323 188
401 426
602 223
448 493
510 506
86 630
163 382
565 496
101 449
362 637
325 350
661 398
637 204
466 380
212 188
528 200
437 77
510 660
245 229
565 728
631 455
384 680
258 286
340 496
407 281
226 405
298 343
546 414
470 439
305 388
203 163
182 257
408 624
538 163
248 459
611 418
286 262
211 303
262 354
327 542
637 352
637 304
215 527
483 157
526 284
228 351
329 163
454 10
256 334
163 434
140 520
481 237
386 780
565 407
199 293
313 321
165 405
323 413
224 285
217 456
488 465
250 201
343 444
123 302
258 318
286 313
188 507
505 240
333 687
345 218
264 438
243 556
322 423
766 601
296 454
526 664
587 502
45 596
637 260
285 268
175 345
84 542
102 163
538 505
550 616
276 256
598 326
592 637
271 416
550 639
506 354
415 220
601 411
576 418
623 478
273 454
739 435
215 148
559 386
409 232
398 783
398 349
614 234
293 532
427 14
426 489
257 526
575 460
439 223
129 339
249 459
364 379
175 332
253 327
552 314
554 411
339 571
398 464
330 398
304 158
404 546
321 276
463 494
108 399
548 699
500 483
145 496
501 532
458 502
466 435
637 525
710 449
326 249
251 325
467 83
458 163
191 348
577 202
121 268
233 345
348 318
261 590
298 610
38 473
636 637
579 267
404 237
369 59
454 478
332 408
441 151
569 321
495 566
237 197
504 665
398 528
542 351
478 384
637 266
72 406
627 530
366 262
580 173
677 389
350 439
333 373
235 486
69 391
392 207
166 551
79 239
515 568
411 146
249 254
163 368
237 618
391 206
560 548
285 320
547 429
215 637
439 482
483 544
582 357
221 279
353 465
414 495
403 179
262 629
214 194
557 253
115 366
589 366
304 537
595 134
483 637
457 321
369 369
477 620
257 435
637 463
276 546
265 501
512 728
479 378
167 627
503 309
459 439
288 209
316 222
163 256
163 272
220 281
637 255
348 90
570 333
538 611
569 569
363 685
41 752
535 630
359 365
523 434
171 511
521 241
578 163
51 555
512 346
186 558
28 400
506 304
482 223
283 455
566 777
381 554
394 357
556 353
463 349
277 608
322 476
391 129
365 414
398 425
534 351
408 442
163 337
504 516
394 552
90 447
238 360
161 777
192 443
264 193
174 491
688 276
257 377
700 116
458 222
87 44
534 523
295 453
510 309
377 206
378 191
542 415
129 293
470 312
205 285
481 550
515 129
151 549
147 340
340 526
748 390
548 477
537 353
561 517
456 193
170 448
347 78
301 453
220 560
635 523
269 434
443 279
462 152
344 429
163 180
280 314
689 325
637 594
494 319
328 422
263 353
297 379
521 676
225 381
619 533
142 494
192 321
553 366
566 458
566 597
188 502
572 364
181 192
479 485
476 327
377 546
396 163
396 562
395 484
399 544
629 569
119 416
492 387
344 510
413 731
647 463
366 270
86 508
310 544
637 486
566 637
365 82
300 288
531 289
545 558
370 317
376 757
600 268
556 634
220 163
581 580
140 244
434 201
291 454
342 382
275 407
503 661
121 445
452 563
211 313
257 618
478 261
454 702
236 718
570 458
468 456
629 391
402 206
251 427
188 372
170 257
510 404
197 719
502 255
539 472
606 338
505 626
203 448
380 698
441 450
429 173
402 786
302 388
624 705
375 592
710 347
484 188
634 194
485 375
535 637
406 584
451 451
370 212
238 216
622 542
526 526
234 309
450 265
475 317
501 298
409 269
392 215
163 344
308 265
170 472
447 635
475 602
491 185
433 480
212 116
211 257
345 153
333 209
336 176
427 496
418 727
592 413
678 411
347 631
461 676
569 541
282 459
626 282
586 418
440 510
163 618
738 429
254 395
327 234
125 516
313 123
479 492
228 715
331 444
197 237
478 605
267 492
486 637
237 473
163 332
361 280
592 343
312 367
719 591
223 617
539 260
323 508
33 348
203 538
306 571
170 300
226 262
734 500
437 437
161 441
312 147
465 509
301 39
290 448
328 472
178 286
535 163
220 418
409 329
310 382
455 417
342 629
162 550
410 230
444 511
369 242
662 295
455 474
558 541
106 501
329 413
296 287
343 546
462 736
448 75
399 306
298 270
407 90
605 429
224 239
376 397
581 486
578 518
163 203
278 615
362 548
580 342
163 693
325 687
583 214
134 637
245 357
513 327
637 408
568 403
231 622
494 370
239 266
495 113
296 370
469 637
543 383
399 437
546 349
706 109
287 351
270 291
501 387
519 228
417 35
406 572
637 721
259 163
422 264
313 580
322 427
382 325
323 634
486 436
336 470
300 341
335 335
640 437
326 280
283 328
167 632
366 275
474 587
509 357
349 391
302 353
179 535
479 232
406 443
293 413
407 53
489 589
418 538
332 666
599 395
614 573
658 380
508 74
163 595
570 182
333 121
133 640
374 355
254 268
538 578
333 472
521 462
420 399
510 652
309 512
128 274
547 402
232 279
337 466
716 159
621 520
423 368
490 534
183 441
317 221
394 229
251 275
104 434
436 410
374 294
526 538
177 367
734 353
390 729
368 369
376 248
480 475
340 182
452 396
294 525
33 163
312 567
406 214
283 322
246 337
330 478
340 626
637 711
534 557
578 309
389 364
301 637
287 579
425 760
383 257
545 373
296 615
394 673
178 506
460 653
569 358
363 580
294 267
299 413
351 193
520 515
478 309
245 366
465 205
373 550
189 588
190 348
315 637
679 432
290 452
454 548
505 338
525 504
547 199
636 542
288 547
595 456
35 611
133 202
235 254
612 460
229 503
424 353
329 201
301 250
440 745
416 537
298 304
341 376
344 259
599 718
368 206
259 419
496 413
480 641
321 361
421 435
471 163
277 565
466 362
374 457
272 400
285 464
190 563
471 331
358 225
298 665
530 206
441 287
341 629
190 469
168 404
256 311
204 574
489 202
171 660
295 614
252 590
411 253
261 380
599 200
274 577
404 381
401 181
478 186
446 709
419 412
345 163
483 634
588 76
556 245
302 441
222 603
290 536
274 339
294 212
396 476
432 394
370 676
474 180
344 536
254 276
53 644
430 306
621 310
552 163
327 592
399 272
550 374
671 459
469 488
489 190
229 321
691 240
269 423
303 414
372 537
415 166
111 365
418 714
714 421
379 340
637 481
425 589
637 504
322 285
457 60
221 356
546 479
433 503
467 452
476 434
443 569
478 439
624 539
617 315
181 461
441 448
504 531
317 633
520 292
570 268
423 190
591 637
515 590
555 465
284 734
380 237
366 524
327 388
161 585
243 666
637 518
488 282
208 374
472 637
528 313
231 239
272 357
321 358
592 477
199 349
597 227
375 570
579 636
417 482
407 738
553 404
637 277
279 461
701 455
506 603
397 298
711 204
518 384
201 363
509 263
348 304
320 282
87 458
563 273
556 226
497 396
487 595
169 411
387 254
640 532
536 384
307 574
37 361
653 439
531 441
250 535
451 254
529 615
261 112
449 619
163 362
548 61
491 405
195 542
326 266
285 341
272 605
400 330
366 469
620 583
275 476
522 583
234 55
379 286
437 478
466 163
34 395
608 665
569 479
466 384
352 579
385 366
510 392
333 136
281 385
378 169
505 637
67 390
585 105
48 468
469 382
495 475
285 766
674 337
401 286
130 750
426 60
463 457
356 494
217 358
280 257
100 380
575 364
401 397
218 498
673 440
58 405
389 734
474 513
681 297
177 502
615 321
332 434
513 404
505 452
336 286
637 316
303 439
533 166
336 494
596 210
345 436
232 331
521 393
478 552
450 299
478 240
231 304
485 464
628 329
207 321
546 246
539 334
348 93
221 379
423 163
471 566
538 532
707 593
234 622
221 247
637 425
527 200
340 157
175 772
612 275
304 273
352 417
163 305
326 462
615 253
484 566
362 488
384 219
465 737
245 392
593 499
255 189
158 652
265 163
425 360
527 620
530 163
477 322
547 530
496 299
163 65
333 525
439 251
389 163
216 637
452 150
485 214
372 450
546 473
497 375
395 300
253 546
475 166
340 714
362 690
250 172
250 289
402 181
201 482
593 97
292 256
234 407
315 679
448 356
163 202
591 274
29 244
446 324
176 322
520 63
182 337
243 343
163 505
241 214
443 590
476 148
581 528
728 390
167 257
212 126
407 163
452 101
75 621
438 519
412 386
665 450
332 633
347 347
574 124
173 626
389 428
427 569
385 221
478 248
426 252
470 229
404 403
364 429
591 474
273 321
585 372
535 738
224 607
637 467
379 352
370 587
400 466
783 245
257 500
326 622
563 494
405 401
160 393
328 637
514 127
507 252
350 521
353 489
297 273
428 386
410 361
460 233
488 255
279 333
321 364
372 86
382 748
184 346
637 189
434 184
694 408
557 372
305 585
628 80
285 379
88 384
284 521
595 469
343 702
395 637
391 545
518 599
254 242
545 733
199 484
425 351
358 366
376 460
559 302
565 382
379 311
382 396
366 517
611 397
628 415
424 671
348 179
443 630
425 353
488 485
340 417
434 276
445 644
491 575
674 509
393 208
316 350
625 159
168 405
489 456
379 740
201 241
299 231
405 378
665 298
335 473
514 412
436 609
52 589
331 201
378 263
612 402
380 500
218 127
484 612
362 258
528 629
442 163
130 221
301 531
490 498
257 330
328 619
422 91
415 251
154 478
533 530
488 402
393 67
598 443
454 602
321 556
569 421
453 540
414 577
553 272
300 624
347 447
310 468
317 499
537 309
553 402
483 163
260 454
601 391
458 248
302 107
457 84
268 568
268 162
386 459
352 499
264 251
531 627
369 639
245 298
554 521
377 723
666 296
486 355
392 565
84 361
311 562
134 444
593 286
362 167
316 657
308 456
621 518
507 484
193 430
367 627
230 416
213 395
568 169
403 508
32 200
593 607
537 424
526 635
451 553
303 284
336 178
163 347
368 57
493 435
340 498
490 704
637 601
213 330
384 709
449 206
620 227
148 461
336 435
381 390
451 345
437 159
575 225
363 376
550 393
472 711
491 395
336 279
409 390
247 552
371 388
228 540
375 127
232 637
371 397
369 527
501 227
276 415
104 397
370 167
438 527
132 261
184 649
218 470
281 414
450 410
552 575
505 248
414 101
216 166
363 261
410 765
354 467
633 335
645 616
412 359
405 149
461 303
26 184
355 279
314 318
529 338
346 184
565 303
142 262
235 428
569 628
545 331
299 457
641 437
598 330
390 584
623 182
218 301
229 361
637 668
438 414
416 422
453 361
397 163
390 756
480 387
527 380
309 321
700 437
258 161
364 539
163 214
399 637
575 492
373 244
251 294
232 193
637 712
513 444
294 568
272 163
277 525
340 532
637 616
484 277
338 593
295 163
640 627
369 426
109 458
488 169
415 537
320 181
363 525
215 399
319 300
196 195
572 449
468 341
338 295
278 455
452 452
274 229
633 334
268 553
541 212
442 357
183 258
569 615
163 459
504 648
176 637
442 200
300 182
337 374
583 408
402 304
553 193
286 343
407 277
495 636
419 450
346 671
468 112
300 376
244 470
343 614
328 81
637 411
267 324
637 195
555 505
378 397
451 188
431 542
261 313
220 595
219 535
516 33
422 262
275 251
680 637
212 363
263 226
610 160
440 404
442 372
500 568
125 412
419 382
609 218
749 546
425 168
324 210
408 755
433 409
491 264
518 683
471 486
557 549
500 675
644 428
323 443
371 257
351 399
562 246
117 297
373 321
114 113
558 199
448 313
494 583
357 432
163 467
625 342
445 479
45 303
188 231
316 416
396 321
205 579
452 467
486 492
87 229
414 219
355 416
350 754
173 276
263 360
312 527
423 202
453 453
163 270
413 748
603 718
163 552
206 547
624 464
271 178
340 456
335 163
249 195
241 254
526 201
188 629
606 475
636 549
420 613
426 637
209 312
429 381
321 421
605 447
163 139
219 163
430 517
576 703
226 163
301 223
436 119
640 124
355 165
559 460
516 486
216 306
156 67
206 219
484 282
267 372
549 486
795 1
637 715
468 420
275 582
302 425
770 163
458 499
93 468
637 241
300 201
507 225
323 416
192 447
421 498
594 339
147 222
214 633
384 258
637 533
393 529
297 117
356 259
464 170
478 489
51 288
758 648
149 495
382 187
394 244
469 436
452 530
400 236
600 224
356 285
734 265
457 22
122 363
302 504
455 519
700 333
163 568
428 118
408 250
330 319
335 477
414 486
490 369
580 122
457 119
382 602
244 293
502 315
437 524
644 536
431 498
292 531
93 344
643 558
372 707
418 162
524 586
573 445
286 444
68 226
470 514
573 134
149 569
371 249
251 453
374 189
288 374
391 233
395 163
479 474
128 548
430 217
316 184
519 193
385 222
266 508
556 233
637 512
704 354
377 634
364 520
340 357
214 489
631 357
359 639
525 519
682 462
435 418
372 390
553 438
478 311
186 607
163 338
275 538
369 405
280 197
563 540
271 602
250 637
270 413
300 566
315 210
344 290
648 338
277 595
385 498
88 483
655 529
304 163
518 340
589 368
424 358
290 321
290 415
608 435
655 321
442 479
446 571
444 416
466 243
492 358
491 694
456 134
194 357
255 274
359 123
171 539
81 418
686 637
396 77
637 513
477 592
192 438
348 616
273 313
259 407
606 331
390 83
605 608
486 582
455 308
576 481
279 248
346 651
348 371
475 482
473 191
350 477
310 374
537 451
554 454
623 376
182 367
486 538
526 405
566 509
556 439
176 334
368 350
617 206
608 563
411 163
253 541
461 123
396 554
62 606
514 10
302 283
379 197
431 404
355 449
368 665
549 349
514 380
320 294
319 366
637 313
159 466
338 239
463 716
472 524
454 386
163 336
492 534
356 151
275 444
598 241
345 432
294 138
532 494
443 480
74 211
745 394
476 442
333 113
662 456
595 362
449 482
389 306
436 539
345 454
555 216
454 268
246 601
425 766
463 305
293 348
356 286
319 463
374 269
323 144
290 316
241 533
431 527
395 378
481 416
657 486
278 242
578 214
152 424
337 343
171 459
173 317
716 118
453 105
402 405
333 591
414 548
337 284
432 106
677 504
339 321
492 163
295 332
163 498
450 504
216 486
289 377
195 551
253 495
222 396
350 129
475 225
631 247
265 406
315 166
434 589
632 261
683 249
250 319
666 253
218 473
598 392
127 732
415 544
322 644
634 629
600 398
423 209
187 327
743 449
427 602
214 413
373 534
686 393
637 511
748 426
434 427
286 524
392 141
469 479
443 637
197 161
643 487
510 528
707 449
525 637
229 637
89 552
215 530
630 450
623 259
263 648
271 451
554 630
427 686
503 454
307 345
248 586
398 221
421 496
443 337
314 627
191 616
224 261
426 580
367 295
606 315
274 301
114 240
187 355
375 550
210 431
613 395
430 575
601 325
171 298
341 525
449 388
417 305
56 182
258 34
211 514
424 533
566 326
637 480
450 711
563 204
551 357
356 387
352 245
420 448
487 514
142 185
562 186
419 540
213 499
514 514
424 564
508 631
445 587
163 201
451 438
443 404
333 175
335 338
640 320
521 604
282 253
468 450
99 257
442 734
750 264
442 436
391 532
272 490
315 475
424 241
237 665
632 554
390 457
553 163
610 764
656 535
494 550
485 369
373 232
426 614
239 328
107 428
367 506
684 444
368 439
472 410
513 157
163 331
496 402
637 253
311 423
163 664
448 360
532 311
456 314
307 253
584 452
342 325
238 189
163 648
362 598
323 288
277 260
430 512
433 300
619 604
410 421
548 571
429 225
389 547
503 166
533 525
525 477
248 569
543 554
526 425
345 435
480 295
421 670
450 297
210 635
429 259
461 605
461 492
443 265
267 588
508 390
291 163
337 395
529 637
325 543
206 636
308 481
310 340
636 289
462 101
528 686
250 363
386 581
320 209
434 159
389 181
564 404
266 467
225 215
524 241
509 351
466 567
592 771
273 274
451 519
349 651
468 501
725 489
610 263
559 486
543 119
555 165
423 494
521 459
578 575
667 328
483 325
163 360
163 437
596 409
597 430
126 363
596 536
691 315
191 265
220 372
511 351
395 364
427 637
213 445
151 168
400 413
591 533
258 216
224 530
228 293
114 449
469 388
355 331
683 330
603 539
334 343
431 219
679 50
475 383
288 214
408 282
457 69
206 199
163 460
558 389
783 198
424 536
342 299
516 163
468 331
136 429
295 358
473 550
557 626
585 484
441 566
492 446
361 637
309 332
186 305
257 632
298 528
446 538
268 381
376 345
664 509
513 499
309 483
211 358
410 328
424 343
538 321
95 345
556 456
607 461
622 601
514 407
248 454
357 356
764 371
690 325
600 314
463 207
718 302
478 630
524 181
513 361
146 296
435 638
394 269
581 525
374 459
527 272
320 637
79 180
253 583
214 190
636 424
598 510
363 563
430 255
580 321
586 357
737 311
36 637
402 457
605 439
585 582
733 641
325 674
419 372
389 415
163 545
518 214
488 327
698 409
591 469
251 409
591 271
409 369
482 513
622 735
395 734
755 637
493 335
377 347
91 528
301 471
553 232
698 617
261 401
163 365
466 120
560 397
320 385
177 679
349 372
557 460
241 712
387 149
263 495
460 171
460 321
44 242
242 347
247 564
316 202
370 320
427 112
217 544
149 633
366 366
680 134
382 487
196 251
221 244
414 265
283 389
637 269
150 288
317 472
649 637
730 637
426 243
184 247
401 170
602 259
332 309
12 623
513 325
588 663
488 259
460 459
387 138
458 167
122 474
458 283
317 294
371 437
438 382
385 729
216 442
392 395
613 535
550 174
327 671
139 382
272 341
554 614
507 352
644 337
361 255
280 580
256 379
555 637
252 369
252 192
214 484
545 609
690 315
582 488
477 224
688 530
143 403
163 600
536 236
106 588
236 576
392 365
610 439
359 558
657 496
637 457
567 409
637 349
204 347
299 235
335 334
373 298
764 335
600 440
502 637
599 401
440 326
364 449
364 351
163 75
171 155
536 193
419 330
637 462
450 507
163 277
593 623
314 719
359 464
525 116
168 514
370 458
176 328
398 570
398 772
184 718
448 158
174 350
434 400
284 275
465 472
477 178
179 431
637 561
269 637
399 268
576 544
160 284
224 381
303 166
226 228
485 637
632 471
577 91
527 313
639 249
447 222
212 613
660 294
379 637
591 455
741 364
303 481
480 540
298 662
412 404
671 496
236 191
299 525
532 301
122 519
298 298
448 434
589 466
442 428
490 520
237 335
262 227
557 234
628 495
240 163
547 498
557 399
348 713
255 171
283 141
350 232
426 320
437 458
582 415
81 358
377 327
249 505
413 163
479 329
502 284
504 637
577 321
460 474
456 478
322 321
349 348
215 223
468 150
237 452
572 555
530 637
554 382
302 308
43 409
436 531
341 208
259 143
602 163
407 447
136 268
250 263
441 142
610 230
229 422
308 701
367 637
175 505
441 441
264 544
436 314
241 168
161 352
637 248
630 282
359 546
446 615
291 192
499 163
416 258
485 193
545 306
278 363
228 627
211 453
72 354
325 580
266 385
163 517
705 402
361 519
425 153
704 347
462 495
274 318
372 425
117 387
398 476
228 399
261 637
152 489
439 511
255 324
489 482
490 588
222 402
229 164
216 513
558 303
255 593
542 720
214 427
522 265
213 497
663 445
428 13
353 495
495 222
185 468
312 745
335 545
415 246
200 612
444 502
534 520
265 599
349 334
526 326
195 588
547 384
766 295
593 263
460 567
214 343
545 545
528 441
306 185
582 346
662 465
509 669
588 621
539 539
280 412
304 517
568 304
188 182
534 531
406 163
392 666
266 269
499 319
518 511
582 369
397 529
163 449
219 480
353 163
288 477
432 458
381 35
205 344
637 254
189 464
370 618
422 794
287 302
637 237
105 517
307 299
397 637
270 214
257 163
483 364
404 404
595 385
439 583
387 210
519 148
260 356
637 760
229 627
345 446
310 207
416 599
507 565
675 349
374 753
437 574
264 377
59 56
505 308
239 68
483 351
192 477
189 472
521 401
472 382
185 551
366 600
467 316
406 329
485 337
519 327
246 163
475 93
743 189
419 261
518 323
308 331
210 66
544 495
310 236
306 428
133 791
344 132
369 473
398 627
272 307
170 551
693 478
402 637
530 348
414 567
407 151
357 199
142 318
520 335
238 243
652 454
321 295
461 409
422 53
280 201
602 241
167 710
389 406
637 407
661 442
601 190
516 526
494 163
631 480
710 324
175 239
176 421
574 446
296 352
639 516
398 637
307 344
349 251
302 230
564 360
201 403
370 447
497 251
318 281
606 376
633 570
457 370
369 258
637 456
275 325
511 637
637 584
510 415
551 293
342 392
671 306
253 524
507 259
486 260
369 272
381 597
400 199
477 564
117 412
98 584
137 558
600 279
435 698
462 214
353 637
83 749
196 390
234 228
637 502
251 415
564 235
308 260
218 440
308 595
570 381
246 499
566 300
558 637
432 228
692 577
540 239
769 719
511 549
544 289
215 309
54 536
509 264
122 437
467 614
605 284
163 495
228 279
374 554
415 262
399 654
319 161
222 461
757 274
574 75
467 699
269 164
333 491
254 256
281 314
270 163
163 267
316 500
599 497
305 591
388 569
529 322
600 315
382 371
312 700
641 380
548 163
292 439
435 459
502 427
347 250
304 151
450 149
346 468
634 497
526 358
310 427
163 438
427 450
222 637
149 530
302 261
431 403
363 443
415 522
637 389
637 355
725 599
321 366
513 604
292 431
471 105
321 632
672 507
191 273
479 398
689 584
653 304
631 61
382 633
255 485
440 189
492 318
358 492
307 361
476 539
376 218
240 352
178 31
251 452
782 163
372 528
464 277
475 609
371 637
146 422
231 362
719 400
460 391
642 561
187 343
499 142
180 281
265 331
103 317
514 386
637 186
238 445
562 621
694 585
465 180
466 251
249 149
495 256
468 650
267 790
324 556
433 621
288 345
251 378
436 250
550 407
411 442
163 299
307 156
400 57
377 270
344 527
532 387
343 633
173 333
352 322
428 622
518 173
179 534
170 519
28 399
153 488
263 76
484 497
286 452
470 691
74 737
258 311
149 353
255 624
284 278
90 241
384 268
322 349
659 93
239 637
580 605
247 473
613 455
518 509
598 243
412 325
394 417
171 525
307 376
414 614
637 17
319 622
297 491
394 281
462 471
367 442
540 429
523 356
464 430
451 459
572 450
636 434
319 236
398 576
295 360
401 163
412 644
397 190
188 258
445 432
283 442
269 576
203 264
170 787
84 255
728 421
567 637
496 289
330 400
663 613
670 351
319 319
176 513
403 540
230 436
533 198
163 135
166 465
64 577
447 274
386 430
434 330
86 523
496 263
564 401
395 553
637 367
572 556
329 344
554 216
637 267
454 512
567 670
337 383
448 339
368 278
304 586
298 360
169 521
477 501
27 673
187 308
602 540
547 526
311 417
276 479
417 744
324 479
696 356
514 585
163 410
314 643
241 607
451 90
539 396
544 349
637 443
417 407
420 650
504 689
445 310
163 557
646 282
59 414
462 651
402 630
171 529
312 421
605 479
409 474
92 488
323 628
602 566
450 236
284 292
376 785
55 437
383 150
669 109
143 330
348 266
63 367
599 449
638 517
373 456
511 630
453 249
393 476
142 343
523 301
222 222
557 154
701 463
157 315
231 494
587 509
151 408
283 366
695 637
382 374
248 526
174 625
629 489
604 236
391 311
405 478
593 300
283 266
163 330
547 183
489 310
526 434
379 262
574 575
402 303
470 340
423 306
435 569
121 307
381 394
439 195
558 521
155 693
434 392
383 469
254 555
387 512
558 348
564 177
615 310
379 334
488 267
553 445
255 637
232 630
521 232
216 414
426 49
218 637
337 387
321 679
347 257
344 302
484 637
272 323
476 381
246 187
581 506
637 181
431 419
543 212
499 406
755 434
372 233
578 226
593 637
190 344
264 371
525 548
324 405
637 500
132 446
525 258
608 191
289 152
621 468
371 686
167 277
214 372
383 668
512 495
607 220
463 215
737 579
345 544
604 535
286 228
524 605
223 499
217 495
585 723
509 115
612 454
168 746
340 645
283 293
382 524
277 425
548 464
618 279
468 359
214 334
383 724
280 300
190 430
416 270
563 477
163 76
414 307
358 118
508 458
519 309
194 470
769 431
606 290
566 504
575 332
577 342
733 478
271 175
609 179
450 286
492 334
107 366
334 526
374 219
321 436
173 208
424 57
504 269
656 402
592 403
503 461
492 569
351 293
576 637
668 315
179 552
449 462
326 497
364 565
242 604
62 402
430 354
249 301
325 525
163 542
487 457
288 491
619 559
520 236
389 311
183 721
681 322
430 649
367 522
344 186
181 718
392 354
557 508
356 585
534 376
573 637
577 115
246 510
650 403
423 302
414 423
448 470
382 497
550 387
531 439
355 421
637 322
367 423
243 308
440 701
521 455
221 338
258 687
523 210
693 394
270 401
569 411
315 277
393 196
433 751
151 433
139 464
351 192
588 346
233 347
527 483
178 340
426 259
408 215
620 636
326 584
413 522
255 436
449 284
161 256
446 176
323 465
200 292
355 357
657 363
307 308
651 427
468 368
384 389
714 437
427 365
469 147
612 477
397 525
167 167
564 280
487 385
435 282
467 503
415 602
541 433
339 541
230 437
722 607
488 330
237 271
255 294
497 466
342 450
293 203
498 321
388 299
387 425
315 6
311 237
303 477
458 181
232 686
542 369
388 633
464 572
383 540
461 321
279 423
594 203
182 532
594 478
518 360
208 502
378 566
258 226
175 656
89 582
377 666
273 650
260 637
538 394
464 175
173 516
506 286
509 140
530 487
278 561
245 730
609 180
403 481
750 637
390 611
546 388
555 402
409 503
431 581
357 742
414 357
452 163
572 385
701 452
535 334
226 581
320 352
210 473
360 202
243 214
569 784
483 323
531 59
594 460
454 448
702 492
331 544
419 577
78 648
207 417
167 75
520 302
342 500
324 287
444 507
304 399
362 710
552 361
229 216
356 297
305 425
256 563
494 277
338 676
202 462
244 413
329 103
135 516
539 271
579 301
571 468
362 520
477 507
454 338
523 544
331 285
406 672
484 509
520 362
245 396
250 652
474 196
405 163
333 570
139 413
399 489
484 398
491 358
217 297
448 425
186 567
709 341
92 308
521 442
380 289
435 219
386 432
384 568
406 427
458 307
538 561
537 495
423 23
321 251
449 589
269 327
466 622
627 561
308 223
480 436
260 260
266 163
169 472
683 304
423 230
163 443
283 227
181 572
494 479
379 424
374 532
367 50
657 416
637 270
421 502
687 158
241 227
167 613
530 437
346 477
493 163
637 579
710 552
279 86
349 637
445 459
457 426
144 571
400 536
519 163
414 511
334 552
349 153
150 500
533 308
202 219
498 435
377 580
704 560
547 410
368 492
637 626
656 344
779 620
635 324
92 380
407 565
277 188
408 566
498 729
637 369
576 631
279 323
463 515
419 460
697 428
348 530
683 245
718 142
571 571
343 436
550 381
421 354
444 263
546 428
251 432
361 655
312 478
518 631
367 176
356 512
625 463
479 412
150 637
22 520
234 573
686 305
533 632
361 421
479 522
471 431
163 355
297 222
437 479
619 491
96 638
163 541
368 290
302 637
555 397
611 482
334 492
390 562
322 147
321 204
434 285
176 585
393 621
496 278
445 248
460 339
334 161
723 733
314 553
257 304
288 493
163 439
523 681
637 323
485 111
585 575
624 383
483 415
277 308
440 383
438 438
132 522
220 276
528 439
585 311
326 631
252 251
495 325
658 432
493 445
439 288
274 637
370 527
213 581
417 675
440 282
625 394
633 549
154 409
583 741
557 546
121 327
608 286
285 414
392 488
462 383
420 476
571 416
373 500
515 234
413 332
343 421
319 419
119 379
378 612
217 250
604 227
472 491
582 312
243 477
706 706
358 553
573 386
431 529
440 222
637 428
433 321
181 45
611 637
271 342
391 293
231 350
368 357
473 458
647 386
404 435
777 563
291 580
112 71
424 494
508 340
197 437
621 308
480 395
71 430
491 645
398 539
242 479
662 299
593 307
471 272
215 590
315 198
523 560
260 530
349 292
609 429
344 356
220 481
458 441
416 644
358 134
411 609
403 480
683 525
230 368
382 477
366 375
538 434
523 393
563 346
320 206
317 512
600 424
412 350
414 302
559 435
423 240
251 490
637 495
606 538
459 379
165 266
375 217
669 474
424 62
493 169
480 262
403 327
343 197
195 220
475 633
252 460
443 178
449 562
357 718
582 416
549 407
279 209
514 163
266 401
444 520
442 280
231 221
671 265
532 15
492 444
412 353
245 534
409 476
669 333
468 200
476 404
271 558
570 192
465 468
403 577
579 370
378 203
169 103
163 310
628 526
559 247
198 368
173 559
69 617
249 607
609 302
442 603
223 574
729 363
364 261
294 16
87 411
669 498
508 328
637 549
213 403
320 452
442 251
516 549
354 561
558 354
417 344
586 456
342 446
649 364
610 637
487 376
523 334
275 346
357 410
416 444
453 259
411 432
175 317
59 403
354 347
257 449
415 723
465 381
302 263
456 623
194 271
530 194
456 281
307 270
535 487
545 412
512 451
292 674
228 414
585 637
411 646
178 275
479 323
265 518
244 314
334 191
355 215
697 437
504 245
149 407
660 632
249 365
448 316
381 342
289 466
390 632
469 403
370 576
618 441
637 527
321 351
646 533
221 334
329 400
196 281
482 291
743 367
372 532
354 420
301 563
492 523
183 752
638 350
212 247
567 462
445 245
152 532
459 267
586 322
422 770
615 462
521 369
459 450
136 401
489 410
460 562
189 530
419 195
163 508
537 301
393 534
332 448
559 629
652 382
250 328
166 351
405 359
403 238
132 468
633 194
654 469
497 361
376 148
430 485
299 564
389 569
236 181
553 590
649 591
283 489
638 284
213 507
509 671
434 223
430 301
659 60
588 257
398 337
353 82
593 100
551 464
198 463
609 511
630 338
599 282
541 492
523 493
437 704
139 325
742 150
204 79
271 404
330 311
200 468
394 471
319 392
188 452
391 573
313 426
282 330
187 339
201 635
736 726
467 549
591 413
502 623
449 77
428 529
319 381
551 458
463 417
548 378
559 415
316 425
163 601
488 428
470 163
407 170
290 163
189 713
327 767
462 274
649 358
292 375
204 510
472 345
563 446
499 275
247 336
469 459
312 589
405 254
540 186
371 280
163 413
555 204
775 270
517 606
475 695
352 282
201 248
411 491
473 388
252 325
339 432
294 544
599 483
160 179
612 225
437 199
523 257
515 603
186 181
265 435
495 583
485 328
637 450
148 312
421 420
307 471
454 130
385 360
747 183
254 464
568 442
313 372
253 565
284 59
685 530
223 511
257 431
644 290
423 273
257 167
438 568
356 399
517 268
291 416
308 469
484 513
367 136
225 514
400 163
631 402
625 396
428 637
297 163
115 473
454 503
637 538
490 635
383 351
577 410
364 461
637 373
163 621
386 255
175 493
509 625
320 340
71 419
292 189
438 163
511 353
504 453
418 322
264 463
726 579
205 294
373 317
357 327
509 538
163 397
352 416
327 637
230 365
341 637
333 12
566 132
571 223
729 620
249 657
513 445
489 331
244 352
275 637
215 499
620 268
193 758
377 95
254 570
282 717
244 492
631 559
410 389
178 540
479 620
254 425
715 348
515 442
556 203
603 610
637 298
357 282
441 257
289 435
58 407
292 637
443 208
221 430
583 585
316 178
311 637
525 215
304 377
199 216
678 247
284 668
398 346
543 491
386 616
355 329
482 631
133 459
255 599
442 620
281 484
330 578
458 96
366 415
358 585
687 27
167 416
545 387
203 555
592 348
747 95
456 421
542 463
631 179
163 657
691 736
251 556
347 301
679 338
174 531
386 424
321 402
657 761
445 281
511 728
469 673
707 170
522 479
260 321
377 436
483 299
545 204
451 251
719 611
298 411
495 617
291 329
450 245
375 216
667 250
365 154
268 252
726 440
222 337
554 162
163 269
571 504
660 438
760 370
684 304
657 489
169 249
430 343
313 262
205 434
201 637
513 128
68 305
556 163
539 508
182 507
357 326
163 436
737 322
595 209
508 625
515 285
678 397
594 759
616 179
438 203
320 62
443 273
490 163
454 433
323 343
526 612
71 534
361 408
465 240
280 568
192 588
320 686
260 290
241 311
270 565
434 523
397 106
376 755
408 436
577 544
361 399
474 46
417 349
458 308
637 293
274 530
351 509
471 139
62 515
257 579
257 175
356 514
296 185
410 505
407 215
392 509
299 414
597 620
249 313
392 468
407 300
352 440
637 262
475 393
163 247
637 426
408 347
352 500
85 278
489 231
624 289
25 385
490 354
341 699
299 507
526 533
403 163
481 541
413 400
541 440
573 469
111 163
473 684
320 163
499 265
502 115
283 317
744 216
552 336
223 524
433 386
483 553
324 110
554 91
350 472
469 348
356 728
380 577
620 287
7 224
112 208
613 554
743 475
163 345
426 396
200 585
271 192
191 635
395 67
230 472
452 582
596 333
594 158
562 355
11 378
256 337
255 649
123 441
365 329
63 418
637 405
476 285
312 446
267 171
34 633
246 586
202 380
164 272
506 289
202 346
470 470
348 620
455 508
185 163
473 326
223 426
637 451
569 514
472 213
338 461
363 280
460 197
596 628
515 537
406 323
328 535
358 766
166 163
570 378
494 496
477 571
335 294
603 425
333 251
397 152
481 538
425 238
262 359
396 637
300 260
239 612
370 163
312 645
393 116
551 320
236 413
480 347
398 648
208 355
163 300
291 427
254 598
301 578
336 579
161 189
36 163
152 438
386 410
32 609
266 751
146 314
329 126
396 543
586 316
517 359
622 171
688 585
221 527
340 490
323 415
515 197
409 449
326 458
654 358
358 246
416 347
611 453
558 500
258 72
237 482
348 555
234 346
388 614
512 391
525 241
528 478
386 544
629 192
615 292
511 416
425 356
409 342
637 351
578 679
393 38
420 419
538 299
702 422
398 478
342 489
571 647
440 659
285 577
620 394
276 506
352 514
403 207
213 352
311 385
217 554
590 364
387 245
344 683
482 172
196 316
190 225
189 583
18 461
513 322
339 570
271 766
480 179
547 219
485 447
280 163
366 104
453 529
286 396
519 351
120 343
361 614
529 353
354 476
136 477
169 561
163 527
306 457
422 787
346 346
217 443
402 209
348 154
441 314
369 428
383 358
499 257
262 134
622 378
316 561
302 111
399 249
207 484
480 174
209 319
345 307
386 575
258 345
223 256
440 463
7 260
425 215
589 175
561 301
367 433
500 122
411 381
301 224
137 506
163 645
431 369
535 416
437 583
412 163
113 413
526 499
612 473
323 515
109 314
408 573
595 305
631 562
148 437
424 634
533 365
599 587
286 383
217 380
295 124
527 212
375 356
158 328
554 210
596 436
264 318
340 247
359 517
447 458
617 321
573 574
456 289
163 674
382 249
213 398
380 672
181 663
266 320
592 362
263 525
332 311
664 486
64 256
580 191
242 353
296 395
323 501
268 243
417 533
772 235
337 181
471 623
441 493
196 483
131 261
559 236
341 167
372 257
487 401
302 654
577 353
348 193
444 456
596 452
455 572
348 412
218 444
373 483
613 384
245 403
430 386
123 518
163 484
431 319
642 150
343 353
408 517
282 245
378 33
251 245
684 256
139 565
663 408
163 375
163 499
479 324
477 343
589 637
394 434
448 501
204 437
70 658
321 572
633 27
543 250
524 306
456 420
641 264
446 544
284 632
558 453
337 169
331 660
249 747
631 385
249 163
360 518
251 32
408 523
430 690
573 421
414 475
478 194
456 484
496 317
166 339
490 194
510 378
498 210
553 296
412 479
223 413
209 440
411 465
521 361
385 163
287 439
637 296
466 477
689 531
537 256
271 384
224 565
430 474
489 584
143 368
619 567
582 163
545 202
265 397
423 212
422 572
426 214
316 424
536 367
744 34
529 345
626 384
379 561
326 637
41 637
436 62
385 285
313 182
530 624
281 637
339 557
597 301
416 340
543 163
413 528
731 379
53 399
74 444
443 629
624 628
539 566
378 54
459 308
446 236
378 445
557 186
737 418
518 123
262 413
414 510
264 386
706 281
629 299
263 395
622 342
163 274
563 450
375 44
260 252
289 281
462 327
414 448
261 434
372 339
463 321
679 577
71 451
284 661
549 391
432 310
320 442
318 321
226 254
489 444
175 415
616 558
342 579
429 437
462 637
358 407
411 623
164 368
431 310
232 496
404 567
289 289
473 220
476 251
417 437
477 480
383 443
456 271
432 488
309 721
555 424
540 698
443 565
672 319
511 214
478 490
375 496
405 403
579 555
275 139
434 372
287 229
401 396
434 162
339 564
245 291
438 411
202 456
107 418
496 227
79 464
625 770
391 425
457 610
605 424
254 488
621 321
360 562
393 414
280 242
357 148
558 335
534 352
384 679
310 241
341 560
233 567
366 355
276 670
359 710
637 99
466 385
256 202
251 342
145 299
637 302
749 411
428 240
297 295
496 303
297 268
331 244
311 390
218 344
607 528
36 192
426 364
316 474
474 687
491 11
263 180
630 561
361 787
637 210
228 413
321 13
690 464
614 570
78 637
354 203
421 142
560 493
321 538
341 460
370 476
608 448
493 517
349 441
637 632
113 444
653 486
158 403
570 534
315 298
637 742
464 422
274 407
671 134
306 257
345 283
710 114
229 418
386 542
299 346
539 579
112 129
292 483
550 568
226 751
553 637
521 163
375 330
574 19
214 255
165 280
454 345
662 197
477 319
371 255
423 596
7 92
262 379
434 574
207 541
275 294
323 436
76 648
379 537
278 360
163 663
449 525
492 307
483 347
302 174
225 378
453 146
308 627
499 309
295 32
374 637
609 243
362 213
271 565
200 457
588 289
66 257
268 268
362 513
586 504
361 291
610 486
87 498
469 269
581 163
449 508
349 329
413 637
206 214
234 163
555 627
201 336
219 504
199 444
606 371
558 255
311 271
183 325
470 317
503 543
336 307
195 424
317 502
651 539
384 516
516 166
389 543
252 340
318 404
503 582
415 490
386 666
494 417
659 297
469 262
395 546
205 447
766 379
501 446
242 596
518 264
353 482
467 153
586 254
219 481
509 633
372 603
321 491
529 538
637 381
422 684
384 349
305 676
209 185
562 625
613 212
637 374
256 418
359 648
403 196
258 625
189 392
201 450
419 66
451 463
182 635
501 453
334 178
163 359
452 737
609 386
527 684
593 514
376 39
456 431
644 439
623 176
438 318
380 508
404 116
599 507
637 29
509 409
421 387
539 466
594 593
410 203
546 368
520 330
335 363
202 521
266 119
471 49
377 250
405 214
470 478
370 341
407 114
573 170
163 458
286 326
336 457
270 228
102 440
533 143
420 549
101 408
422 489
156 485
415 550
277 230
333 417
221 331
559 539
527 521
85 362
439 289
163 525
637 168
554 321
12 435
111 42
514 370
261 286
602 691
613 578
381 658
422 422
545 254
170 635
415 163
169 363
485 211
722 457
592 249
373 283
386 729
305 551
584 352
411 333
214 312
179 102
695 317
487 441
401 584
525 622
647 540
356 430
437 124
428 292
273 133
500 218
402 98
505 409
392 323
576 441
380 102
462 423
444 386
478 425
475 428
330 366
306 397
165 169
475 175
600 405
486 163
188 515
183 576
388 739
432 437
343 384
406 466
321 392
318 455
451 413
379 486
604 525
332 480
434 620
454 241
372 541
690 491
295 598
497 406
638 529
546 279
586 471
451 529
337 434
179 258
597 166
634 63
372 522
408 289
303 628
536 378
554 214
461 107
347 223
328 680
377 244
246 498
397 275
597 668
356 522
431 239
174 524
246 301
275 430
792 637
566 464
442 110
579 295
283 622
443 242
459 238
349 616
695 163
489 454
429 418
272 505
365 706
468 527
328 353
144 163
366 599
265 620
281 477
311 549
246 583
326 393
274 308
597 360
630 348
144 434
383 752
487 417
630 197
85 164
163 695
322 192
414 320
145 155
214 368
372 556
382 622
583 423
178 220
606 388
289 313
489 417
412 528
602 582
234 542
389 341
607 641
424 637
511 575
485 574
587 598
431 506
419 559
147 705
202 479
478 173
237 524
163 408
318 211
641 505
476 496
253 260
438 501
475 627
484 617
377 716
663 566
368 202
753 607
390 628
347 240
634 494
684 479
606 479
395 354
385 297
351 513
624 476
219 441
482 113
321 605
637 393
262 360
395 471
426 571
399 185
307 120
546 483
119 362
325 632
573 501
537 341
338 388
554 255
258 637
298 291
239 284
224 399
285 637
247 480
282 603
562 404
554 163
163 562
595 449
589 353
313 679
391 163
255 211
73 393
412 574
80 238
430 163
287 515
267 252
327 163
339 497
235 550
464 611
451 173
169 163
581 354
410 477
738 314
460 555
256 178
631 308
301 575
422 180
571 600
462 135
165 163
370 392
373 680
497 108
588 376
453 393
289 431
474 163
498 450
356 437
606 336
630 621
395 294
625 460
445 464
576 358
383 165
259 471
502 419
457 684
529 558
163 248
490 332
436 573
286 707
351 454
212 466
637 719
509 608
553 379
448 141
391 209
666 442
628 454
412 417
175 753
568 637
512 450
684 192
129 335
288 513
391 360
578 289
452 398
443 735
164 504
436 448
444 330
493 644
152 158
365 626
446 534
661 343
547 496
217 361
44 141
545 380
535 517
333 76
286 289
682 446
683 294
461 668
637 535
250 371
427 380
292 459
303 107
510 314
235 412
191 455
120 480
452 336
425 27
577 576
460 307
498 651
415 637
206 694
587 342
670 282
424 403
688 414
319 322
396 438
258 339
683 489
609 343
531 235
401 192
262 528
304 187
272 509
145 275
474 308
637 220
310 687
41 444
480 249
328 105
480 416
682 244
518 528
301 97
29 383
669 332
339 250
603 391
409 545
318 268
636 237
516 460
414 382
481 476
396 267
321 463
177 282
477 500
556 398
212 412
412 106
411 451
59 395
163 558
476 198
571 387
504 403
365 389
464 192
490 616
163 363
698 666
496 396
388 253
594 336
329 285
521 648
568 222
610 246
496 563
471 585
201 598
478 301
621 366
324 631
361 263
127 569
332 697
788 365
416 275
767 430
278 321
377 83
57 538
711 450
421 54
391 581
293 213
304 166
163 613
333 263
22 327
185 489
656 398
64 222
541 248
505 544
411 579
309 302
460 163
312 166
618 515
238 473
234 254
417 464
444 174
509 304
655 553
276 330
480 486
383 383
326 372
431 472
216 741
637 506
426 389
602 218
688 317
522 597
308 538
141 638
310 197
266 672
279 532
637 221
279 387
360 547
313 150
367 374
361 523
554 414
163 475
458 228
637 122
358 531
619 494
531 209
667 504
452 200
302 338
261 510
597 511
542 225
492 637
377 339
383 378
304 353
472 682
620 237
211 163
554 622
208 366
481 437
410 219
377 394
479 714
36 184
614 343
393 448
285 401
595 486
371 242
524 438
363 451
722 424
618 579
567 247
163 398
166 427
401 457
519 422
273 319
741 425
265 386
550 280
452 375
268 203
640 482
567 508
293 193
485 613
76 352
163 749
338 72
280 379
382 222
146 391
318 355
369 174
405 220
328 419
502 265
332 635
450 302
345 503
436 497
422 428
611 467
234 174
273 526
593 299
545 174
493 161
637 287
318 457
171 132
72 284
446 511
484 585
285 583
432 440
319 227
259 529
339 230
284 470
541 426
348 392
163 490
351 468
247 436
163 178
742 399
766 633
637 360
402 163
686 382
622 555
584 404
391 474
314 279
306 242
429 122
273 541
542 387
157 483
582 413
696 315
129 621
209 307
364 432
637 234
165 292
522 374
406 418
409 378
492 515
227 459
588 418
292 414
398 243
536 506
388 481
451 347
509 476
253 388
350 515
103 649
374 293
600 188
346 217
153 408
555 335
370 544
179 456
421 127
289 387
88 371
326 334
425 300
564 229
474 261
287 670
430 751
443 181
457 437
449 632
442 689
219 557
312 286
613 269
477 269
239 531
561 382
733 562
428 297
540 163
479 92
223 435
566 183
195 553
581 276
242 555
289 459
221 759
127 461
489 332
312 644
266 239
362 271
99 482
336 366
596 346
322 231
254 285
548 226
417 309
484 80
547 220
407 480
164 437
624 612
197 407
632 218
197 308
402 700
478 148
544 709
199 248
304 566
380 628
686 332
269 546
410 480
294 382
276 681
192 371
320 485
677 160
521 582
527 446
391 154
455 538
190 542
512 415
335 149
556 768
233 315
346 605
442 587
148 342
452 630
327 351
567 190
539 222
518 131
192 507
351 725
34 443
403 794
269 266
101 330
363 569
578 242
184 581
353 356
663 292
187 369
174 430
473 468
480 165
279 578
409 350
328 163
426 663
325 450
397 34
587 381
163 536
439 360
618 339
328 192
428 610
243 463
414 276
344 478
270 567
539 500
493 623
377 509
287 97
621 545
414 150
374 410
314 565
7 40
289 449
382 352
384 432
163 488
526 374
406 153
189 505
417 123
462 713
165 402
539 318
333 414
229 285
276 637
546 644
201 394
486 238
696 477
539 201
578 375
240 373
402 154
209 590
327 320
163 350
262 456
637 461
361 335
468 282
406 592
723 378
571 362
409 251
372 211
24 163
238 278
402 618
210 545
452 470
427 297
429 531
580 420
597 558
596 393
282 490
597 505
260 416
465 275
365 263
668 634
490 188
484 324
629 721
501 438
436 226
346 578
731 445
293 311
669 452
231 367
331 163
490 505
242 428
443 387
408 495
446 305
247 637
315 459
328 379
591 553
562 321
274 432
716 241
595 200
409 238
257 415
241 239
526 298
289 506
56 298
254 426
406 410
325 552
257 534
398 419
350 591
593 751
321 394
693 487
359 242
300 241
114 360
328 450
163 547
274 210
278 277
446 152
358 200
310 380
389 637
273 392
409 361
515 357
502 298
435 632
472 167
325 380
377 473
163 341
217 326
322 164
554 281
533 476
389 319
428 265
461 648
626 306
376 478
179 484
92 392
674 493
543 400
257 253
183 482
365 465
191 219
623 12
154 301
346 453
496 496
472 424
431 781
416 713
611 413
198 290
637 403
788 76
81 425
340 288
320 558
46 506
210 415
40 637
546 367
324 112
347 497
233 617
375 617
403 280
393 630
391 508
466 594
330 640
654 491
282 623
535 556
594 481
669 746
520 427
471 441
385 446
575 57
169 290
144 645
561 494
350 381
325 303
220 337
463 385
463 372
250 645
163 669
472 233
560 681
165 487
449 645
609 489
557 474
267 596
247 98
362 377
571 417
577 163
408 521
435 716
229 324
253 704
569 565
422 469
253 501
564 30
446 466
705 231
236 637
375 600
530 593
340 203
376 687
453 112
395 275
458 288
276 374
230 230
349 529
480 595
637 489
367 466
207 277
450 25
473 283
116 781
546 295
373 264
735 348
431 386
227 368
468 248
558 248
511 369
222 276
449 560
420 331
311 325
467 174
501 474
316 426
223 161
475 456
426 531
319 393
774 384
64 418
643 484
365 406
329 333
210 360
555 161
333 648
611 351
529 617
509 509
384 336
188 493
106 233
245 637
265 472
436 358
118 435
330 296
629 531
571 510
459 342
705 368
581 578
480 246
330 569
395 237
469 349
333 419
221 323
597 404
479 197
119 383
637 378
594 251
598 494
292 507
593 388
701 284
523 132
120 384
476 163
516 650
299 410
413 166
245 219
354 571
568 278
583 261
453 484
148 372
163 286
593 478
174 551
704 202
581 321
211 480
519 588
273 383
442 599
513 590
397 246
241 620
164 248
415 594
301 358
525 416
414 248
129 260
575 592
285 218
405 552
273 186
761 428
681 450
123 318
465 364
321 509
433 598
331 622
299 724
323 627
361 545
530 148
436 732
466 308
352 637
537 481
466 229
407 459
453 344
361 362
182 506
556 604
693 225
668 508
487 533
159 228
417 487
527 327
611 334
300 553
213 429
479 259
90 248
637 499
572 588
317 382
499 412
393 352
172 471
174 553
558 252
88 464
465 532
334 612
509 572
561 451
561 545
583 576
508 626
494 413
590 380
68 401
228 281
388 322
413 228
190 222
599 454
603 576
615 238
403 574
159 270
97 493
345 296
454 330
410 701
73 343
157 357
305 575
166 633
418 620
163 540
172 14
411 753
90 400
163 599
91 550
558 417
407 727
259 535
551 615
283 200
555 221
527 214
413 444
454 360
389 490
294 504
407 270
406 274
517 322
567 423
413 394
200 476
258 321
364 224
758 600
429 513
358 244
378 436
301 513
477 525
367 350
482 258
391 361
492 352
94 395
68 637
493 426
343 673
599 441
561 706
476 419
244 263
163 546
417 496
230 333
514 443
264 479
189 495
428 357
436 50
517 740
437 223
202 185
339 668
25 452
392 340
395 486
51 590
287 626
401 778
655 717
295 435
742 519
206 325
457 607
27 185
586 589
479 478
427 539
420 340
329 320
217 503
698 456
698 278
417 478
289 163
507 189
423 396
557 515
206 468
77 355
447 658
546 593
451 293
496 428
651 380
473 626
559 351
361 615
405 650
168 501
479 730
603 637
664 228
222 556
256 539
429 109
476 538
278 280
619 304
568 430
289 533
472 106
499 341
72 441
498 248
436 208
398 482
287 133
405 188
396 399
371 321
387 97
277 552
650 266
423 663
259 384
494 740
140 430
570 223
744 345
551 504
516 663
390 305
597 536
324 243
280 424
340 328
375 618
371 241
163 389
458 442
329 381
650 422
252 444
311 628
205 390
340 570
415 542
270 322
351 168
404 322
605 316
125 483
422 395
101 160
498 637
437 630
289 780
397 733
622 637
214 502
291 476
434 262
641 399
168 637
557 362
363 57
376 94
501 561
512 539
368 460
479 368
120 348
519 510
248 413
410 88
460 268
585 514
277 399
315 163
795 795
303 218
393 640
513 292
392 524
385 449
379 472
418 163
705 586
744 417
187 454
609 102
450 321
665 426
646 367
462 225
314 472
652 48
163 158
393 439
282 309
556 178
639 596
545 506
364 527
403 336
307 469
650 492
590 461
28 364
439 512
122 391
204 379
648 403
523 454
301 390
300 466
531 474
461 497
606 554
444 439
423 578
229 362
395 370
418 171
341 507
510 572
254 387
657 440
189 163
261 366
677 498
321 334
468 636
524 433
480 161
506 637
189 428
561 235
578 423
99 275
350 637
637 236
288 540
381 167
132 516
522 661
606 448
341 286
417 632
186 222
616 108
476 577
352 478
451 380
411 267
175 677
220 501
352 435
237 505
198 364
48 111
385 316
697 333
157 421
271 171
256 453
460 541
332 595
235 400
112 482
709 327
287 96
464 637
527 444
380 481
431 229
163 575
296 486
263 671
444 516
675 435
200 508
553 561
421 726
769 528
462 567
739 395
595 480
498 367
395 120
598 637
429 110
574 443
395 193
239 418
259 543
369 212
497 231
681 406
120 250
190 233
515 406
575 430
165 498
265 483
441 498
550 500
336 622
293 356
472 346
241 440
163 152
519 485
187 608
7 427
465 602
445 627
220 569
558 327
227 426
421 583
112 717
486 486
323 422
151 390
78 316
544 206
166 442
584 415
246 525
478 531
513 438
227 335
417 553
433 339
392 267
531 639
694 163
369 420
303 494
223 334
565 540
249 318
626 308
409 231
324 364
335 287
416 310
325 209
667 416
554 623
493 567
245 234
133 455
359 700
242 558
377 234
279 426
625 431
304 230
758 310
429 452
256 283
445 391
458 375
361 555
325 545
592 551
348 506
87 163
90 234
226 514
690 267
198 175
63 182
169 481
163 260
389 710
219 205
470 171
473 549
576 231
390 754
231 469
443 556
344 607
99 402
374 106
379 380
243 27
187 276
253 329
670 337
435 504
548 198
731 341
707 629
143 482
512 524
445 510
298 235
234 392
489 299
308 647
218 163
339 709
498 522
381 387
282 412
356 101
389 360
340 658
323 359
272 637
356 357
599 539
427 303
209 403
411 151
430 321
240 236
125 519
290 523
628 325
382 430
575 377
317 196
309 524
435 681
439 578
331 351
468 412
469 362
603 732
274 100
173 183
412 244
578 527
460 763
393 428
560 520
409 240
266 511
438 693
599 450
524 237
199 534
478 522
522 667
210 418
473 316
34 233
156 521
637 427
412 515
538 395
433 506
206 288
254 559
69 688
519 451
473 361
203 387
604 453
470 336
166 356
440 196
397 16
369 433
344 180
228 74
267 109
261 477
69 456
220 244
340 353
331 589
418 581
399 380
617 409
285 673
345 724
222 577
541 194
408 549
499 572
367 239
291 619
347 214
507 603
333 324
284 387
757 507
182 557
477 475
115 377
503 637
442 345
332 292
508 506
444 352
298 302
502 170
496 168
356 521
429 395
431 412
212 565
423 409
515 501
176 394
562 406
323 317
270 10
296 306
260 478
497 161
409 306
314 745
266 737
229 244
241 451
497 124
321 279
622 579
385 184
424 375
390 561
163 696
287 397
212 562
405 613
651 263
272 647
308 163
301 185
170 450
397 607
570 545
626 381
169 479
561 276
163 469
236 500
577 478
335 371
633 348
296 345
637 320
326 247
500 407
466 422
681 204
450 435
479 82
515 588
479 458
585 636
163 132
218 576
389 231
392 478
238 258
419 529
449 308
637 318
424 584
315 470
212 291
50 373
556 401
721 215
303 520
271 442
264 555
187 67
615 772
455 171
501 276
367 590
547 263
501 252
682 379
182 508
634 283
394 529
412 308
294 452
391 549
296 666
240 480
248 531
347 371
479 326
425 532
449 247
303 412
485 608
494 602
480 322
632 325
427 511
408 685
573 731
605 753
577 451
199 438
311 520
609 330
344 552
282 359
154 260
277 265
379 76
357 336
684 430
150 482
397 479
738 361
499 530
321 545
479 594
661 286
466 97
614 337
591 403
462 260
186 460
391 448
293 421
123 608
583 426
305 689
331 471
405 306
726 331
394 655
367 455
475 272
746 426
667 579
311 298
361 514
173 343
290 226
487 487
327 296
434 377
284 344
559 491
728 360
553 572
605 521
207 395
403 279
312 598
541 263
414 227
354 346
501 310
224 184
389 210
167 245
66 376
203 362
605 570
206 435
489 618
183 301
210 248
185 387
323 329
376 489
229 484
635 542
131 380
484 175
518 486
485 327
530 405
628 632
44 163
421 628
498 340
326 702
475 227
589 379
492 426
146 159
626 423
494 252
528 654
758 163
511 202
427 612
256 106
144 351
524 427
243 627
768 382
631 645
157 313
205 594
376 536
429 319
582 606
161 530
162 666
88 388
668 666
528 271
218 353
113 158
243 590
557 274
562 532
163 380
413 345
279 379
598 557
335 385
415 238
187 252
244 594
482 332
613 402
138 296
339 515
508 569
200 342
249 601
718 331
399 318
484 140
108 587
238 260
483 412
249 725
614 463
478 431
320 378
418 570
637 309
612 369
410 450
452 466
618 566
212 269
261 410
508 491
41 620
471 211
422 464
554 459
707 517
297 400
538 398
283 664
362 394
261 659
384 334
506 588
477 412
314 258
385 518
476 415
519 558
253 543
441 131
548 467
306 555
401 472
345 682
140 352
222 485
585 167
98 710
234 561
163 364
480 282
332 637
80 340
198 356
446 580
110 308
269 535
573 427
554 478
715 308
375 261
677 530
420 358
617 527
637 412
231 646
652 274
163 416
299 342
635 299
444 163
209 449
612 117
637 536
356 211
220 608
442 230
312 330
344 367
510 203
637 509
102 390
763 251
328 378
522 601
531 373
167 429
65 402
124 563
509 361
469 419
564 469
229 229
443 289
263 478
483 222
654 433
178 413
218 630
424 147
316 386
430 735
578 320
184 335
155 301
286 236
584 631
353 231
406 273
411 563
374 58
307 440
637 529
412 293
547 100
276 489
87 450
431 394
157 478
170 665
307 305
448 373
609 608
411 249
311 481
251 381
402 83
92 337
317 453
582 173
475 426
337 728
637 482
313 259
214 226
415 447
232 374
571 527
493 229
612 544
211 452
439 346
221 337
434 405
187 612
216 522
324 340
434 637
311 219
552 305
430 188
174 600
382 437
563 210
499 379
331 479
371 407
104 480
312 709
354 228
689 302
163 165
278 345
289 240
317 635
552 399
344 383
524 479
183 393
163 306
254 524
521 324
416 210
367 631
385 21
687 599
210 58
463 22
364 216
676 209
543 486
484 366
302 651
336 621
167 385
42 579
571 681
743 659
168 337
792 399
439 393
308 347
708 417
597 163
289 404
620 298
237 294
161 480
619 259
293 451
359 367
299 260
535 233
431 80
637 273
637 577
600 228
328 226
518 491
234 548
378 97
742 370
363 359
298 402
498 524
707 637
163 250
350 334
192 624
286 507
300 672
167 402
499 492
305 243
568 566
183 425
464 163
439 264
321 593
374 360
677 34
406 637
327 650
476 222
370 556
360 367
346 692
603 324
311 595
322 175
521 377
440 188
361 346
431 97
559 398
417 543
91 163
566 479
15 318
522 364
288 521
328 151
274 431
116 274
398 359
391 382
215 248
162 576
77 673
417 419
205 163
508 451
426 541
348 194
521 233
628 210
215 364
370 16
627 163
637 261
485 162
497 122
443 285
506 608
393 468
174 401
415 257
376 514
347 474
556 568
576 644
392 439
645 342
395 407
365 374
363 241
317 696
252 421
706 251
178 313
643 477
601 142
475 524
86 391
716 304
457 574
274 435
242 361
392 533
63 495
440 626
266 520
384 533
469 547
612 419
377 369
326 551
350 355
478 291
365 200
435 290
412 264
652 231
565 240
598 359
362 530
322 516
661 225
303 212
401 292
383 549
421 549
370 529
271 282
621 251
301 400
260 408
193 494
369 395
233 637
326 216
171 296
374 190
275 311
362 74
461 637
409 615
580 415
423 734
190 681
656 74
442 580
576 307
553 554
549 92
378 216
526 480
374 421
696 261
385 447
359 337
174 488
174 434
701 395
391 250
545 163
434 513
637 249
178 228
328 80
399 388
665 436
591 348
791 688
482 482
344 481
325 513
400 396
432 530
289 604
326 521
325 247
127 630
334 628
261 222
377 479
281 344
384 166
736 486
585 391
330 285
278 577
562 616
171 611
585 612
308 288
329 280
707 316
451 249
395 345
456 222
590 562
549 163
519 634
290 346
506 166
333 92
506 598
244 22
515 137
402 755
502 556
379 290
172 392
508 483
497 358
484 408
388 546
387 196
370 746
400 583
160 451
295 368
580 270
414 726
293 146
400 427
301 426
177 391
559 257
537 636
183 408
605 538
130 396
538 157
440 479
349 531
526 273
696 474
