6000
378 111
163 436
470 295
177 437
376 267
398 637
637 326
321 412
241 486
116 348
163 163
454 291
469 358
717 367
303 461
143 765
479 163
637 498
559 459
223 607
430 528
257 193
389 341
637 53
580 604
346 656
370 586
458 361
637 412
385 212
509 546
777 484
532 399
359 327
424 286
224 395
542 381
483 310
437 402
141 141
596 478
372 163
45 360
449 658
211 555
336 177
572 428
163 637
496 461
345 163
349 115
408 138
637 324
515 262
268 230
281 512
193 475
469 381
321 637
595 572
290 163
499 303
505 361
308 408
321 440
397 738
256 163
446 502
154 222
23 383
462 370
415 305
283 201
503 592
565 500
180 654
275 175
491 357
315 200
356 284
435 329
491 163
311 261
196 342
512 254
163 301
480 316
410 376
354 183
481 659
587 483
402 452
420 468
308 663
542 321
373 462
291 299
456 239
611 514
479 404
522 119
364 83
443 148
318 577
456 258
424 300
432 407
283 551
590 623
365 247
442 522
466 371
609 340
654 347
612 296
195 280
346 343
586 288
134 373
690 163
362 549
198 743
482 381
409 219
367 187
555 433
424 533
470 576
569 684
127 566
163 402
506 181
507 790
168 395
716 167
426 622
431 481
605 596
347 158
736 113
50 772
344 318
177 299
339 130
472 351
100 258
391 408
179 400
365 327
656 252
408 685
163 394
207 325
414 577
302 672
479 481
390 482
306 236
539 67
739 323
310 532
637 321
278 197
338 637
94 238
242 467
554 355
515 506
166 163
418 490
321 461
426 357
352 507
218 602
460 294
557 493
271 364
637 522
352 328
534 342
371 186
533 550
306 388
227 636
402 466
429 473
371 312
517 229
530 247
455 329
379 578
184 540
163 62
399 242
414 637
75 614
479 361
615 481
581 593
608 453
163 704
483 364
713 434
493 644
404 288
163 479
557 269
714 401
343 621
193 367
252 163
73 231
426 304
505 499
285 637
494 206
249 445
371 586
425 442
501 637
530 427
334 543
307 163
123 494
430 597
303 637
426 112
391 624
156 637
454 623
427 179
324 184
343 444
637 577
298 321
426 671
426 539
462 402
419 687
375 353
536 273
116 362
634 573
360 547
389 666
329 508
252 335
396 719
226 331
464 667
251 404
208 303
773 678
465 266
388 667
163 434
528 162
397 587
507 314
342 133
502 609
508 523
385 256
342 562
163 321
703 420
607 499
321 275
213 554
563 396
506 402
554 337
561 487
307 149
361 437
476 600
420 399
452 323
565 91
488 349
548 345
256 281
549 276
465 387
525 439
327 277
345 660
550 611
631 12
655 339
583 510
358 536
577 383
163 478
364 566
106 357
694 437
543 385
111 181
332 285
476 449
314 166
387 188
545 163
210 115
549 417
475 551
130 466
714 155
149 381
417 532
315 73
524 328
536 214
261 569
517 637
537 487
378 455
268 224
234 590
381 460
356 616
719 393
394 97
376 495
611 435
136 254
143 589
248 371
442 609
376 597
240 502
261 380
163 653
160 329
378 515
188 444
439 421
216 480
513 305
480 292
406 423
386 255
462 620
163 518
37 292
420 290
637 568
353 479
367 655
480 322
349 321
114 460
163 382
408 248
543 528
167 357
262 552
519 373
383 309
173 194
493 578
498 236
637 223
321 505
213 639
685 583
453 483
170 558
767 432
267 349
581 517
260 172
385 201
86 480
625 348
107 501
43 351
319 435
529 263
281 566
206 232
637 437
362 600
494 291
417 572
340 83
529 600
448 325
296 440
647 260
287 635
567 226
492 190
366 390
157 271
93 417
348 662
382 436
637 163
587 522
179 163
449 480
289 249
407 331
317 462
392 550
625 274
537 537
375 760
655 202
156 610
490 500
386 373
177 236
380 377
234 613
228 528
368 441
49 35
353 321
242 222
405 487
491 330
255 442
198 514
409 467
259 597
696 411
217 177
484 504
294 381
406 213
406 573
596 406
326 496
412 279
551 369
622 163
296 626
353 326
479 383
163 380
533 637
163 344
568 585
454 307
443 744
380 459
284 334
568 509
247 637
639 356
615 637
483 497
343 112
287 163
597 553
492 479
503 374
499 516
214 163
562 188
388 466
334 652
570 263
509 637
294 602
423 163
637 637
347 412
137 349
133 47
547 539
128 286
310 299
163 490
489 468
91 397
733 434
734 567
317 325
219 270
499 632
322 235
434 267
401 581
357 228
506 250
166 153
559 625
351 575
277 165
327 321
405 585
321 163
553 513
701 468
301 435
314 557
290 212
292 638
259 749
689 421
241 372
548 163
411 163
398 762
193 490
736 726
321 259
366 625
356 491
595 163
456 298
339 506
586 163
599 441
675 363
164 602
606 278
273 235
417 454
472 637
167 413
257 389
266 400
25 297
637 382
358 628
479 310
127 442
330 183
390 163
723 346
732 423
384 670
492 380
155 363
467 335
540 637
189 333
199 535
329 312
292 486
253 581
677 440
307 459
588 316
174 536
576 396
221 525
467 604
294 668
623 604
617 350
387 347
189 230
549 436
356 434
419 538
197 373
494 636
637 315
721 372
590 61
488 86
637 132
644 145
216 540
328 635
508 353
315 569
637 390
333 402
605 478
425 282
368 471
163 291
637 249
493 329
211 511
190 577
682 440
560 410
553 449
311 637
441 637
431 234
551 529
344 299
442 231
446 422
337 270
296 336
333 207
479 262
446 353
241 172
475 532
432 524
471 248
466 376
191 293
568 452
470 286
400 171
406 294
340 308
264 317
419 163
168 362
91 437
442 433
291 318
395 276
564 335
416 690
182 357
608 337
44 269
496 733
582 441
308 301
540 61
349 561
738 484
380 354
288 163
699 454
432 380
586 360
598 408
566 271
457 530
540 463
245 375
532 286
325 724
131 287
559 647
379 363
142 482
163 377
332 309
306 513
341 644
493 253
637 760
576 136
166 728
478 41
395 324
558 191
293 362
202 406
318 333
680 99
430 217
390 370
169 736
269 554
577 492
364 295
515 595
584 208
212 565
581 286
604 596
376 224
288 616
334 450
338 286
268 249
230 520
301 341
259 424
478 319
306 202
497 203
470 183
105 346
526 115
497 165
353 299
162 409
369 362
480 498
495 337
544 371
508 386
551 584
442 284
600 550
197 312
391 171
301 316
336 221
633 432
765 542
504 401
239 576
163 207
168 575
438 526
620 352
401 321
772 543
270 371
481 323
676 199
138 503
264 579
588 200
386 352
634 163
301 729
373 252
730 163
286 317
381 260
105 397
174 305
489 508
500 457
358 376
637 402
301 258
358 228
619 461
492 488
493 261
256 68
528 163
334 488
361 321
415 622
286 191
708 637
613 586
365 545
251 640
664 629
163 360
272 396
151 309
568 476
236 318
397 286
379 752
404 331
227 415
205 477
225 637
366 709
316 641
546 591
416 583
488 138
163 498
443 604
439 234
372 310
317 502
140 465
315 350
282 163
209 586
284 367
217 383
466 709
220 458
627 314
374 659
253 439
399 542
444 444
223 134
678 456
497 460
558 637
439 273
268 470
518 479
288 301
329 207
676 681
302 339
283 662
446 357
453 303
289 260
293 511
401 439
401 231
377 201
183 175
395 189
220 329
401 433
452 525
310 289
379 277
288 280
141 490
637 499
428 436
311 226
316 318
128 442
414 374
298 217
637 424
637 248
432 425
153 447
522 186
360 253
5 795
202 482
366 182
229 559
624 530
555 394
116 403
289 141
408 567
284 669
441 218
571 428
591 532
605 334
196 479
337 234
469 423
234 357
163 430
619 271
357 279
556 505
426 584
359 378
754 366
468 226
105 494
332 20
421 486
374 250
448 351
555 381
222 380
353 91
311 489
295 390
423 292
194 358
232 563
567 232
163 408
396 102
297 674
169 548
311 102
598 150
478 163
334 637
347 505
637 373
467 445
525 229
389 252
235 466
592 370
163 203
268 409
562 519
325 457
107 583
408 481
361 485
387 430
72 269
473 353
559 319
373 236
737 629
407 472
189 306
285 530
382 761
403 258
385 238
170 531
479 492
108 254
419 521
455 555
485 157
347 72
213 55
347 120
457 370
748 209
97 569
605 230
552 576
637 655
665 166
402 519
269 372
215 388
310 135
513 522
90 173
436 508
420 165
584 606
213 587
273 375
284 284
321 267
86 475
16 539
423 491
184 390
195 355
514 187
494 313
261 396
733 392
251 223
591 558
369 135
130 427
328 364
163 318
576 589
295 496
552 446
490 613
594 499
601 340
637 276
340 470
224 592
306 637
241 728
715 432
410 508
417 289
362 163
227 200
189 406
376 620
203 316
551 314
624 742
163 536
544 277
503 482
453 356
548 303
246 163
525 308
743 368
402 560
447 258
533 591
497 268
609 163
587 460
427 269
78 672
320 267
268 373
366 589
226 347
368 301
637 429
345 654
359 282
321 561
364 480
170 629
251 421
470 515
169 327
342 491
593 373
289 410
456 163
443 637
518 201
441 72
410 220
287 364
748 336
396 605
322 516
273 277
330 311
270 444
326 321
80 203
409 422
116 343
333 369
254 368
609 502
517 163
337 189
267 163
346 414
561 637
194 434
692 637
519 231
25 406
416 541
631 167
541 380
293 163
472 485
388 401
488 469
336 112
163 581
637 460
420 429
535 39
330 160
406 426
429 496
466 502
508 499
749 348
305 400
477 102
615 410
316 195
201 362
595 244
415 526
538 380
637 515
345 517
544 343
390 310
576 778
539 163
380 595
637 454
498 511
204 231
376 469
348 451
475 246
387 451
150 404
163 378
186 552
308 267
475 317
388 488
453 67
163 572
543 353
551 406
166 336
228 124
294 303
455 289
285 360
594 383
507 510
554 366
614 247
624 463
466 276
557 354
163 356
547 392
284 473
411 637
539 418
295 257
627 734
546 261
375 421
441 599
136 324
496 630
419 63
526 352
603 636
507 324
368 207
705 378
583 173
264 158
769 548
345 411
423 637
525 564
473 365
454 456
618 431
500 620
238 509
397 691
97 459
185 637
413 438
348 465
150 637
667 370
264 163
412 387
328 159
187 333
411 434
176 557
522 378
386 401
175 637
312 629
418 479
743 246
666 383
569 478
376 303
536 466
654 186
214 252
192 420
389 601
471 637
299 540
287 425
637 470
289 637
316 350
439 526
456 318
244 525
637 535
267 420
592 546
153 318
526 380
291 291
617 200
339 264
396 266
189 371
410 353
313 278
294 185
601 536
637 69
335 637
329 760
567 592
370 677
472 224
485 163
253 342
331 462
360 316
765 617
231 471
641 288
113 503
329 610
618 464
366 760
267 521
451 217
393 215
328 348
216 335
92 163
459 228
585 580
279 484
438 163
435 198
674 526
319 558
394 247
356 225
362 40
324 260
246 520
292 94
478 235
304 478
401 202
637 389
440 579
424 274
578 279
498 467
457 446
433 242
234 737
455 564
638 595
246 534
450 507
637 407
375 171
502 622
653 398
165 558
93 242
369 367
523 611
391 371
307 406
355 285
348 660
172 163
419 401
413 260
501 281
404 505
528 115
109 612
319 293
512 721
379 345
363 171
582 361
330 213
769 614
285 308
338 289
451 391
612 576
210 541
569 569
333 279
497 574
230 569
270 427
309 140
119 329
268 259
525 297
331 637
347 637
278 295
246 310
441 283
321 586
175 630
637 147
602 382
188 418
295 304
422 200
492 550
362 93
163 468
333 272
468 378
443 321
165 575
538 312
163 450
289 471
524 637
549 163
540 452
267 178
384 542
163 389
621 540
433 163
244 505
488 392
515 243
277 637
399 388
163 261
416 258
342 336
277 454
592 245
442 622
147 515
457 271
309 509
22 562
637 294
650 292
358 390
452 309
252 389
362 576
452 543
327 283
347 294
424 163
660 501
163 281
175 345
372 427
463 549
359 745
476 163
163 421
152 28
498 338
519 657
326 303
267 416
535 792
463 402
616 520
251 633
502 602
637 606
227 468
530 623
428 467
479 352
163 225
370 154
162 245
579 307
456 351
635 379
177 447
259 220
257 331
446 336
294 512
284 376
549 373
652 360
491 639
264 361
478 502
482 397
541 609
376 683
627 493
227 101
498 459
637 279
360 493
35 461
218 606
559 317
441 358
163 346
584 126
361 391
243 349
250 379
396 387
232 388
416 355
531 171
567 367
637 337
637 400
270 479
475 365
335 456
502 451
472 308
346 169
207 455
522 407
713 327
317 564
613 455
20 637
485 416
79 544
176 310
147 204
140 495
458 59
637 399
423 601
367 577
210 577
560 425
438 280
289 352
319 530
388 627
472 526
480 260
353 545
344 438
532 379
537 437
74 202
566 426
490 163
297 263
323 124
657 432
679 375
569 298
436 227
202 622
530 273
575 637
637 290
526 684
637 350
356 384
599 353
274 525
489 226
352 515
295 504
366 305
210 193
408 250
444 56
274 140
499 451
194 195
78 300
452 382
267 363
437 279
15 595
608 480
331 472
510 330
280 229
193 530
162 545
604 334
526 540
148 284
315 316
459 340
670 507
440 461
340 697
363 176
517 380
566 247
637 244
511 569
499 489
454 299
637 341
211 365
621 327
54 367
783 420
293 261
91 341
489 464
637 432
556 163
271 370
568 636
373 463
305 342
607 249
350 416
454 237
554 195
353 500
612 348
377 557
294 450
716 385
383 463
468 482
289 467
516 463
609 304
498 286
415 117
497 266
637 562
375 637
367 414
551 274
311 292
437 548
255 372
463 221
398 537
219 292
755 498
230 603
637 489
411 709
379 262
539 306
454 543
516 369
176 245
234 265
388 251
345 522
262 163
288 603
82 409
177 485
418 487
368 50
381 334
295 494
456 659
444 637
158 260
614 249
536 637
201 164
631 539
391 341
256 431
606 169
555 694
459 632
356 376
576 419
321 416
254 478
435 597
182 457
657 758
330 616
637 195
531 415
347 346
162 376
577 508
493 335
449 649
187 611
354 245
354 419
743 360
476 416
459 520
280 438
235 658
476 340
537 494
404 528
479 277
498 285
468 343
369 275
185 450
543 468
583 244
241 476
321 484
73 362
331 310
523 437
293 674
466 597
163 331
478 311
163 545
169 392
555 427
130 424
406 508
318 212
433 556
441 607
320 587
298 286
419 471
602 637
337 428
705 476
475 449
294 233
270 428
613 600
150 291
612 229
419 384
192 594
324 534
469 585
666 247
145 329
428 536
437 41
145 307
163 275
416 528
284 210
5 5
590 504
381 372
163 105
773 220
442 224
639 419
777 184
522 223
199 196
372 475
305 184
381 311
665 473
573 220
505 573
417 142
336 292
562 163
379 431
190 274
311 632
178 505
336 404
365 223
322 476
285 481
548 223
226 485
424 471
489 637
200 441
398 520
602 392
547 329
592 400
421 413
540 453
165 498
275 301
360 308
529 346
304 467
627 247
491 251
282 580
241 400
219 350
170 218
236 565
400 299
324 637
289 484
445 630
223 13
552 317
538 163
296 658
587 163
342 615
565 392
322 480
208 113
403 533
476 454
637 300
610 219
374 364
656 130
607 186
400 399
178 157
622 523
688 408
655 644
384 345
224 561
199 249
376 599
515 419
163 383
549 512
215 408
423 388
113 257
598 325
258 389
724 555
374 596
407 241
180 383
637 380
330 427
261 183
452 441
574 268
243 379
75 347
175 390
221 309
344 313
369 527
268 281
449 357
355 651
254 565
553 255
347 292
344 443
363 278
480 424
33 389
440 760
536 378
426 765
77 389
504 377
421 695
126 407
228 330
290 187
336 391
430 97
440 108
510 626
580 405
288 292
363 480
481 561
319 366
248 404
325 206
357 357
471 328
341 440
192 418
235 321
204 416
492 472
313 398
278 159
328 321
234 234
636 637
219 305
368 29
174 467
482 396
227 509
749 375
637 770
408 62
146 388
602 262
557 496
528 507
658 478
529 554
612 270
388 364
553 319
479 314
358 347
272 324
305 463
278 466
572 539
281 439
438 737
637 479
480 634
312 338
488 364
239 313
217 314
436 381
321 406
363 52
254 184
469 487
324 427
553 395
454 446
345 435
446 604
266 469
353 319
295 425
583 163
637 439
507 67
761 378
410 559
211 53
99 558
263 373
409 437
339 302
303 219
644 505
340 170
296 95
172 530
306 407
624 333
632 305
492 489
272 369
288 365
387 335
574 263
639 267
637 375
353 627
516 470
476 380
341 523
617 593
352 179
449 285
519 182
195 467
478 545
739 181
451 647
278 237
646 163
765 332
218 549
393 163
385 91
569 632
427 525
325 162
394 221
445 684
222 174
568 410
384 383
397 559
656 47
307 628
49 349
728 477
638 509
553 711
483 341
491 649
411 649
19 622
390 434
372 555
324 317
219 637
146 521
226 274
215 439
323 154
275 90
131 610
410 547
164 415
596 541
321 409
518 322
418 416
647 467
302 615
646 350
651 572
337 525
620 473
266 244
594 216
350 583
344 390
608 575
606 335
616 444
645 248
374 230
363 368
339 720
430 368
168 251
700 421
729 439
607 337
221 420
643 653
509 260
355 163
359 219
260 499
433 637
421 297
492 274
334 237
479 197
536 628
603 450
368 634
477 697
461 328
547 416
285 436
516 602
305 248
304 136
405 519
444 215
749 344
304 310
375 735
315 426
252 504
298 498
285 504
361 296
714 535
483 615
450 244
503 273
341 242
385 356
557 512
514 356
551 637
369 684
320 176
435 188
393 637
278 408
228 331
226 510
336 715
479 291
513 460
340 354
333 312
700 285
194 457
274 358
277 548
435 421
222 726
396 469
746 404
437 614
130 483
469 378
436 305
183 280
409 251
629 515
413 485
165 288
428 637
444 544
242 443
513 494
431 637
272 465
637 332
502 497
289 357
447 350
488 553
331 163
76 581
224 582
606 339
550 57
363 350
469 188
440 103
378 361
517 71
343 517
543 637
419 637
298 501
178 564
419 587
161 526
481 306
646 388
294 438
467 159
469 627
335 622
274 141
493 161
506 448
377 385
357 364
177 571
352 194
548 438
470 189
558 505
561 515
637 220
440 476
369 539
668 500
97 320
447 289
395 461
393 411
347 297
343 185
395 137
250 383
293 86
500 614
479 637
532 424
355 355
387 503
163 376
505 635
356 266
296 260
271 236
637 608
339 530
377 264
507 248
322 637
268 282
439 420
41 331
134 278
383 574
382 676
398 386
437 649
328 614
163 166
724 461
710 251
221 199
648 350
632 340
608 572
349 419
276 630
273 7
435 163
165 344
257 464
373 531
183 502
59 470
132 435
283 572
540 297
582 302
36 588
359 634
327 758
349 181
424 352
323 165
584 215
439 456
439 425
376 228
95 163
462 250
389 374
440 274
392 360
164 386
396 425
211 400
608 163
305 339
521 106
564 255
606 351
350 260
622 637
285 479
472 205
163 532
375 541
270 163
286 499
411 440
338 333
229 394
398 550
424 388
609 338
211 554
549 595
385 333
194 461
576 558
281 485
25 545
547 250
192 482
387 402
230 558
379 415
636 244
496 489
183 180
425 637
14 478
538 397
474 510
466 465
431 514
763 451
338 539
470 321
366 462
262 392
139 327
637 342
163 671
201 322
206 299
520 735
514 443
743 214
458 487
108 443
334 517
637 181
596 280
315 637
449 403
360 577
575 348
136 298
291 355
455 316
213 490
543 271
399 557
213 613
447 637
237 548
501 187
460 485
469 672
550 291
757 607
492 609
604 419
563 216
382 589
414 405
163 475
459 557
388 67
212 462
202 408
384 267
517 268
163 364
439 189
62 370
311 566
762 338
645 330
267 532
637 247
277 419
531 409
478 535
370 214
380 200
332 609
326 315
681 412
456 335
729 198
637 361
489 525
637 519
301 301
556 700
190 453
218 227
457 449
587 478
308 210
617 323
263 247
667 311
350 495
163 365
422 424
748 697
426 460
261 505
253 417
201 563
130 511
438 558
481 166
409 485
282 525
337 340
621 332
65 81
318 321
277 301
536 284
268 425
447 271
364 527
499 640
640 577
696 222
189 426
586 414
262 387
395 555
636 477
344 381
245 592
395 637
243 509
601 365
322 583
230 496
524 334
312 217
375 400
384 287
747 546
365 441
312 214
280 122
209 516
319 458
606 436
432 172
268 507
395 533
59 36
551 442
791 637
144 437
163 441
196 412
479 489
444 472
493 390
459 531
698 336
402 342
557 538
250 428
44 363
343 321
403 550
268 184
163 521
286 297
292 289
714 629
306 221
418 173
210 163
730 7
380 538
365 509
494 300
199 319
461 303
368 72
607 383
646 392
353 357
183 183
273 499
373 473
384 531
795 1
115 163
227 165
727 353
424 245
269 637
310 408
413 289
395 321
498 568
294 637
269 383
547 402
505 538
319 111
422 593
716 371
404 487
533 375
625 531
222 390
429 375
437 634
234 298
333 306
520 58
217 554
404 34
536 407
600 348
696 658
407 238
431 210
479 478
586 593
163 486
274 553
238 212
557 127
337 106
471 514
76 471
189 637
479 459
328 401
179 569
429 313
640 386
486 542
422 330
417 271
567 341
305 167
462 260
402 370
511 328
163 447
483 311
660 429
443 288
280 440
548 254
674 200
616 463
520 468
193 454
193 348
675 366
345 333
227 189
266 315
214 512
320 304
322 584
665 358
50 317
163 390
321 453
381 667
315 553
177 37
163 339
321 569
349 231
208 209
745 573
357 442
423 411
491 699
529 286
438 485
635 494
326 173
459 448
353 631
341 362
231 385
579 290
287 140
380 163
378 370
408 176
396 663
384 348
673 293
637 520
431 89
242 599
499 591
548 368
640 415
576 233
54 507
476 293
145 406
428 521
481 417
205 21
221 786
429 476
412 444
163 292
345 479
317 654
470 389
313 533
728 402
130 541
376 429
513 590
457 164
398 261
288 334
305 378
372 358
370 428
624 238
294 530
524 330
305 175
385 536
210 532
770 401
476 234
371 412
282 20
399 637
477 164
401 387
197 245
538 620
255 414
389 499
320 321
449 550
599 410
338 692
560 378
743 449
204 495
639 532
355 297
271 429
194 516
276 335
329 277
195 533
208 395
281 271
383 267
613 526
440 431
204 317
186 548
637 464
430 653
228 470
403 425
375 248
704 427
310 510
213 540
458 646
526 526
349 300
124 389
163 429
341 537
375 217
400 174
243 525
295 517
457 163
414 775
312 165
350 502
148 380
733 159
207 540
286 409
341 530
395 295
364 215
346 637
45 132
531 454
163 422
321 329
445 511
418 213
172 161
201 624
391 270
419 86
289 571
154 243
218 480
730 452
506 373
566 386
600 447
55 505
163 53
437 578
299 342
621 564
220 428
308 333
472 612
163 448
578 391
342 534
370 429
776 735
329 471
197 324
547 617
309 411
300 421
207 301
163 516
287 637
163 416
227 463
436 285
414 551
408 163
289 492
433 331
389 93
206 378
392 264
479 288
338 435
287 338
198 118
533 508
637 500
160 288
231 611
20 552
182 319
163 189
354 503
368 576
481 61
605 304
347 374
623 643
426 130
120 419
349 579
652 598
297 455
322 431
637 447
663 421
569 599
608 637
280 270
477 698
460 435
532 374
293 414
176 550
208 561
341 294
460 637
417 208
295 235
274 434
383 175
132 426
637 335
637 327
612 584
369 434
350 626
456 486
227 495
572 569
590 409
258 635
323 435
331 459
381 573
29 625
152 386
415 427
348 688
283 466
738 726
390 283
214 582
326 313
557 163
196 259
218 172
457 74
462 182
602 328
495 592
655 599
385 412
662 356
88 524
259 449
552 637
375 582
381 331
556 390
66 467
77 408
442 384
163 426
394 163
380 400
594 701
305 588
55 213
518 627
163 277
417 637
553 481
364 415
505 227
425 543
649 298
515 323
546 457
504 334
463 458
578 108
528 265
397 321
606 368
491 230
347 285
528 409
378 607
376 298
583 497
355 451
262 426
476 537
670 317
270 360
66 637
169 383
292 248
231 446
416 50
433 275
163 103
690 229
530 459
491 305
33 283
298 197
247 591
431 638
646 319
254 637
409 478
437 437
424 423
637 451
251 517
543 354
308 643
631 497
348 767
158 539
122 543
222 267
243 522
413 421
420 343
382 576
203 178
426 738
373 545
354 461
333 684
37 385
450 408
402 310
592 75
542 496
415 163
553 404
222 653
576 329
753 450
215 493
398 167
459 295
400 202
566 214
225 499
404 377
293 623
449 500
151 439
365 493
624 307
286 264
115 286
119 320
390 218
184 421
352 204
275 669
208 171
450 425
131 422
296 409
394 552
342 661
221 428
341 639
400 446
379 511
554 319
353 163
537 536
27 445
401 484
288 637
256 534
555 385
238 275
367 327
363 475
599 163
318 455
398 532
143 531
168 271
470 329
554 232
754 438
529 385
510 429
687 488
589 584
288 414
581 294
451 409
436 434
519 309
345 413
531 444
795 795
654 238
662 483
184 542
518 300
231 577
330 359
362 585
255 241
592 660
597 242
211 739
484 637
567 250
427 637
202 402
199 257
163 506
453 554
418 601
309 492
473 368
414 281
436 230
421 463
247 533
262 529
411 145
444 571
470 628
353 637
450 270
637 97
506 431
279 163
429 370
391 257
788 403
615 320
332 299
462 703
564 320
304 653
266 368
401 752
348 357
385 645
420 292
478 517
550 407
364 377
422 332
186 249
378 539
282 248
259 472
621 408
395 383
484 439
163 274
314 512
220 400
84 482
483 637
380 758
504 371
436 572
621 463
288 630
463 649
489 325
394 607
351 214
383 208
542 384
637 541
440 625
426 654
401 385
633 325
525 85
403 499
416 163
599 379
607 463
57 399
195 487
378 374
402 555
254 627
449 163
386 764
422 506
383 418
189 487
320 210
567 201
541 163
718 562
163 555
562 206
223 423
445 554
234 286
684 325
434 254
461 198
328 194
637 253
677 723
416 630
344 297
411 437
342 480
204 223
369 138
485 140
499 219
55 438
346 337
614 176
536 462
280 410
589 201
569 388
400 521
346 733
460 326
425 315
535 226
637 453
589 637
289 583
566 517
147 528
697 390
290 464
225 327
430 411
561 537
548 475
685 218
363 401
493 165
382 425
739 67
625 412
291 472
333 540
436 397
454 265
264 621
195 428
413 189
499 406
504 186
251 122
569 274
403 98
423 643
379 479
30 289
691 299
534 229
554 131
303 142
297 610
467 524
281 311
637 481
491 479
131 308
293 116
358 693
638 247
454 250
503 606
157 637
169 540
422 67
493 479
237 450
250 361
430 607
584 547
184 255
213 334
281 360
545 637
387 545
377 732
350 48
587 745
214 402
366 570
272 374
421 435
408 473
348 84
499 202
406 540
706 157
163 256
625 321
608 450
715 407
447 210
597 463
554 364
528 124
142 224
114 410
317 251
452 440
637 143
321 419
163 136
145 163
77 406
676 568
483 668
163 520
355 407
677 489
255 337
595 304
182 324
453 472
402 132
613 245
637 235
356 86
582 681
754 479
473 215
385 503
662 191
216 589
560 336
371 270
425 699
300 476
522 364
452 700
238 481
337 163
435 759
451 508
469 6
608 321
333 597
348 345
333 561
587 595
340 145
94 405
504 363
619 296
506 775
305 318
391 391
288 353
207 571
455 184
436 440
110 444
503 398
589 385
432 530
302 463
268 519
611 470
392 187
418 735
303 296
404 91
220 409
477 321
604 552
321 460
342 87
373 334
293 468
657 331
259 544
616 458
233 327
429 500
494 560
410 270
456 736
298 139
349 470
407 631
213 267
166 637
582 255
396 574
427 431
782 705
481 485
221 421
163 265
590 311
232 395
575 277
468 393
637 281
474 142
446 173
333 573
346 319
457 498
457 190
376 383
493 146
224 236
418 260
66 373
511 417
163 269
163 20
743 591
468 653
75 406
325 518
267 344
286 223
292 603
375 627
105 467
409 51
424 288
405 483
433 349
622 416
440 576
607 277
235 163
552 479
634 333
338 273
526 637
422 637
22 619
163 502
198 130
382 84
368 404
637 23
357 243
485 487
184 247
577 248
319 373
224 419
696 635
598 230
332 118
281 509
437 677
204 401
182 244
314 369
119 298
594 590
263 223
337 637
617 269
338 503
298 310
669 341
516 163
430 88
530 507
390 270
316 200
192 599
745 599
169 673
681 364
482 290
463 233
349 751
179 337
554 598
567 569
214 630
518 261
576 380
233 216
95 274
395 214
583 217
338 138
426 196
464 375
565 637
584 593
294 181
427 619
492 304
400 561
292 390
420 203
212 213
259 328
85 478
74 408
476 136
206 328
492 601
349 294
527 567
614 353
545 209
326 508
319 395
225 512
554 508
455 455
140 368
483 354
431 391
387 168
226 338
501 642
163 393
440 371
226 222
534 222
352 718
242 163
407 370
526 685
129 239
491 430
420 391
631 326
310 426
373 357
424 266
202 345
428 337
382 564
572 574
499 306
373 517
168 336
450 628
637 413
621 229
576 493
696 261
289 669
368 439
387 252
581 207
320 259
211 472
335 174
534 619
384 595
224 350
447 254
163 499
368 540
453 514
478 438
615 455
468 229
458 260
544 395
514 427
510 259
424 629
139 391
448 540
249 299
218 332
280 232
259 279
403 306
384 268
506 406
432 452
534 255
380 297
355 620
221 208
443 406
341 431
506 352
163 206
255 343
424 573
241 326
409 548
331 626
341 574
259 230
452 163
596 331
448 436
549 353
523 627
276 621
481 346
370 568
431 661
306 278
393 177
515 308
628 164
411 253
323 421
275 482
434 500
528 755
552 314
288 131
328 265
369 262
397 338
281 163
442 100
597 755
637 172
116 425
245 594
206 424
295 167
55 171
561 596
544 413
565 590
195 498
552 222
463 252
403 382
354 225
479 167
637 524
444 289
506 378
460 455
251 576
374 439
373 737
296 163
575 554
519 479
545 451
273 573
351 307
637 313
434 590
207 313
608 538
311 147
276 282
552 490
279 457
453 321
317 352
711 201
162 274
543 589
576 381
681 452
530 637
630 143
367 161
479 611
447 434
390 551
321 201
266 290
667 309
478 528
414 355
121 359
233 232
479 321
593 565
379 240
423 365
495 529
450 317
381 437
408 463
126 415
348 227
408 268
419 466
316 678
520 321
614 321
379 593
296 245
340 163
509 586
663 208
380 391
536 616
178 685
438 269
229 479
368 485
515 385
208 479
505 271
180 273
348 101
553 328
184 545
460 507
641 534
417 573
225 248
785 447
612 231
407 422
163 202
163 328
227 512
515 554
178 254
322 130
369 467
317 567
270 468
552 265
537 483
427 451
253 467
501 623
583 328
64 362
241 480
614 27
163 288
504 449
477 368
369 511
599 537
170 209
270 533
206 637
281 370
445 512
324 475
661 317
393 385
378 573
590 386
370 553
253 163
718 505
388 554
268 381
455 249
413 68
224 242
473 303
467 174
100 289
308 401
405 378
379 637
87 544
427 473
491 452
161 560
139 394
225 215
211 105
217 240
509 163
433 403
290 153
637 329
276 276
467 258
569 406
378 355
456 439
637 296
520 323
447 325
562 387
544 421
608 443
400 597
369 272
163 115
439 117
429 541
527 348
567 597
348 201
425 425
443 377
568 370
549 328
475 123
326 581
573 411
376 314
339 611
693 308
576 496
341 234
527 146
524 410
456 448
210 389
276 583
461 260
438 41
624 385
221 383
313 553
568 389
488 163
603 241
351 325
415 131
418 399
195 603
595 10
497 506
232 660
289 267
228 543
354 118
535 308
386 178
454 187
502 163
385 366
73 570
395 522
140 503
699 337
601 370
255 544
532 156
252 382
197 409
289 418
630 207
140 666
172 323
596 292
354 198
608 266
510 290
454 242
409 625
446 248
56 424
413 223
631 453
485 637
702 430
266 463
551 389
174 279
684 502
369 588
168 260
677 475
330 509
720 291
352 525
603 163
249 230
361 188
594 47
163 501
352 169
488 590
601 396
416 661
385 180
627 551
527 163
330 163
617 302
321 352
372 381
503 534
493 430
287 326
119 495
406 404
591 306
630 371
104 584
270 225
400 9
178 151
531 553
622 551
448 737
260 496
327 566
512 552
749 414
520 479
520 636
274 378
788 459
227 609
409 277
407 163
369 411
115 366
228 357
180 447
580 499
348 282
222 274
375 740
154 258
415 657
463 163
584 194
264 354
690 330
470 359
177 680
331 403
469 321
450 361
282 370
262 282
226 385
250 462
320 269
514 658
127 328
101 384
258 398
475 557
481 328
547 498
390 152
321 623
254 498
559 487
372 365
252 597
421 536
163 543
215 163
179 641
479 257
568 320
335 482
790 221
263 489
415 261
283 483
359 147
406 578
314 630
155 234
179 431
323 605
13 446
238 363
510 305
163 253
535 163
482 165
427 377
562 43
637 146
506 473
257 242
385 419
763 73
348 326
206 535
482 196
552 397
545 564
397 163
592 411
430 370
550 324
530 285
460 497
220 582
341 223
403 397
72 379
322 469
672 291
228 431
226 415
443 479
196 353
188 663
448 406
593 517
430 204
481 521
153 348
601 32
583 179
310 608
725 413
78 439
637 502
532 312
631 379
470 29
750 670
214 430
230 501
77 352
287 584
294 721
430 535
398 779
456 248
331 467
488 151
249 206
389 540
367 163
585 550
338 398
262 466
571 383
540 325
750 186
532 347
390 87
78 330
376 398
219 390
266 568
373 326
337 633
637 233
129 532
466 263
376 466
316 380
476 543
212 516
372 429
257 471
244 541
686 528
593 552
458 178
462 262
433 518
394 145
502 434
518 580
358 96
488 455
93 429
220 221
597 270
296 637
601 87
608 467
155 467
241 245
371 470
65 401
400 448
205 411
457 537
159 220
504 191
330 81
429 631
410 620
568 404
255 194
562 562
502 292
372 510
344 451
599 345
487 344
226 223
440 544
571 386
591 723
637 548
667 290
392 673
756 533
196 74
481 163
417 744
417 742
478 459
563 525
240 385
475 482
431 182
147 517
336 305
275 601
198 602
702 198
36 467
299 317
226 556
306 464
508 601
234 375
442 221
361 315
668 390
163 461
632 163
563 306
434 520
203 361
538 175
420 579
315 157
373 597
537 160
399 588
376 538
309 477
367 225
206 583
298 298
307 614
230 503
732 574
678 320
566 458
405 438
376 163
267 425
75 527
135 209
657 464
441 381
552 360
55 522
553 504
345 711
303 720
653 523
346 205
697 28
204 382
292 491
291 430
407 474
625 333
425 415
466 533
319 487
673 392
386 432
479 506
356 309
556 347
242 214
297 635
417 533
637 317
555 292
397 447
588 434
220 337
563 471
476 590
384 163
362 429
693 302
378 67
360 417
435 391
423 321
383 670
221 356
376 521
396 237
479 556
505 237
469 278
478 516
408 717
506 518
428 305
546 411
285 417
163 295
168 326
481 385
437 70
406 142
201 470
169 520
774 230
292 444
479 446
619 239
456 301
316 410
267 316
445 641
204 561
366 234
529 256
670 428
637 256
380 207
368 271
576 629
234 513
345 395
637 353
211 407
281 521
351 591
283 482
495 111
637 426
430 537
455 480
245 487
249 87
296 202
433 203
318 323
594 592
638 639
315 211
338 382
712 652
446 601
80 643
191 325
272 321
320 371
596 698
223 511
73 637
670 563
345 485
398 289
456 303
122 280
588 637
499 578
432 592
620 534
253 321
488 731
391 213
288 293
510 361
344 638
201 269
362 479
359 517
477 633
355 286
341 291
290 630
682 603
420 761
576 248
302 466
630 215
746 146
337 102
163 306
221 741
191 335
479 387
530 694
280 219
163 542
260 271
202 558
482 163
632 357
538 404
467 671
524 339
617 163
590 163
223 515
383 258
637 436
560 377
308 342
166 247
528 28
174 95
548 409
454 591
389 410
511 320
347 149
427 37
309 299
545 412
732 404
185 552
554 506
565 418
443 663
658 342
484 473
697 242
637 310
448 631
187 435
424 356
501 628
461 232
615 139
142 287
373 375
317 305
281 171
379 325
388 523
584 305
108 414
498 489
163 251
345 131
123 329
258 794
611 513
304 460
296 345
298 467
475 163
244 281
269 326
425 532
484 518
22 336
514 447
373 314
212 402
564 91
464 388
230 411
677 438
582 631
410 679
163 579
498 278
499 593
686 462
480 157
332 450
339 776
187 274
520 250
232 606
589 404
270 249
434 380
272 568
8 512
163 195
536 89
601 234
502 203
403 635
420 190
262 479
425 357
402 266
488 499
163 83
370 489
420 497
399 421
372 483
522 250
466 56
404 713
180 60
385 543
414 235
560 314
186 321
482 283
86 409
337 467
445 278
624 384
409 631
248 393
352 289
326 455
497 371
98 635
537 479
326 542
131 385
386 470
390 584
336 494
513 284
478 251
471 680
95 452
416 562
606 637
328 414
534 471
267 485
426 645
486 375
558 281
459 186
451 584
287 457
409 514
553 258
53 363
523 176
391 370
396 187
76 457
464 534
341 130
91 550
483 206
344 184
480 472
651 401
512 571
187 291
390 298
316 503
331 446
309 309
317 664
577 576
235 367
143 250
390 593
527 496
554 345
333 84
163 342
589 426
528 639
617 334
317 574
621 163
445 319
395 354
146 350
597 466
436 456
489 423
136 531
470 143
627 263
204 225
555 261
542 619
144 435
284 402
299 461
326 506
277 311
388 149
666 338
481 511
366 163
400 200
722 520
512 483
340 120
222 367
186 375
585 171
394 50
299 255
265 401
733 645
276 567
690 175
324 414
313 173
276 494
163 375
430 105
425 491
312 573
420 248
205 527
388 537
508 637
358 265
617 378
403 364
411 314
204 411
310 314
478 593
129 525
331 102
207 354
156 287
225 371
340 310
564 637
261 580
551 350
344 642
163 299
249 595
524 423
163 358
227 437
457 522
163 250
304 537
637 564
508 133
550 534
306 248
119 402
196 459
234 552
134 669
348 339
200 757
708 482
397 458
152 526
163 539
381 234
419 616
433 451
481 302
545 255
444 146
155 348
592 533
128 447
345 296
445 321
637 291
163 332
448 349
467 319
423 448
498 148
397 283
67 371
637 363
273 431
236 272
360 749
544 386
163 557
182 182
163 428
479 516
369 439
166 462
292 280
574 195
592 163
175 285
274 291
345 160
372 665
544 191
184 307
432 163
439 486
211 369
591 266
301 181
367 108
419 553
454 714
241 321
243 637
331 469
637 302
640 637
438 585
367 637
590 478
261 464
673 320
521 288
159 58
320 385
417 710
695 572
479 267
173 280
395 553
187 522
34 325
414 434
199 199
194 523
381 410
163 381
220 579
275 374
473 145
380 349
465 421
565 565
163 386
544 241
530 559
512 545
350 410
241 365
498 544
457 628
513 517
191 566
297 442
637 178
197 187
446 31
277 459
255 334
58 421
409 740
637 462
505 343
454 240
163 273
380 615
426 329
177 383
452 606
637 357
437 444
520 197
243 690
362 84
440 591
126 408
607 488
622 289
163 559
438 370
209 466
102 395
527 379
460 393
263 563
544 271
535 453
592 432
115 398
319 462
300 514
637 286
205 637
250 469
361 521
176 261
318 167
66 338
529 171
373 258
100 763
90 415
661 509
534 376
444 121
357 745
676 407
466 355
272 163
233 533
320 555
27 627
385 188
368 163
357 353
274 200
204 243
150 420
791 383
455 775
369 165
591 400
360 246
387 721
217 303
263 637
413 216
160 343
547 637
270 221
485 650
460 251
392 263
453 651
419 577
563 709
529 365
236 246
510 85
561 577
284 443
351 395
288 658
163 470
267 602
637 153
297 405
463 388
192 459
410 558
553 195
266 377
326 601
456 533
383 637
347 560
280 258
276 435
152 322
384 674
389 548
343 293
268 451
362 321
332 391
82 309
376 534
6 294
593 213
468 414
670 513
367 592
393 248
537 378
278 278
197 576
510 595
757 417
536 453
401 243
354 333
380 519
637 113
540 197
124 342
598 392
368 596
35 240
493 484
600 410
371 364
271 224
264 656
501 298
459 366
211 455
636 286
293 328
343 702
375 279
60 623
285 628
298 419
254 645
448 263
341 359
719 498
696 265
431 526
312 329
375 262
199 457
252 637
319 151
539 191
670 705
514 251
246 159
64 347
419 628
489 317
490 319
637 203
298 456
514 488
146 252
532 215
633 592
260 168
426 336
637 570
369 369
399 81
213 260
350 407
21 397
376 221
625 598
459 476
399 556
269 278
331 466
186 252
333 437
511 571
366 372
531 426
189 362
149 301
672 323
682 235
500 332
438 519
408 395
749 415
446 650
447 112
575 575
294 347
476 393
415 328
637 213
222 611
364 45
337 150
263 421
637 274
353 233
285 472
428 526
431 773
554 632
139 476
496 637
276 259
388 502
305 479
370 467
482 514
473 686
232 163
637 299
447 223
633 308
575 383
636 228
373 268
346 485
534 293
486 153
413 561
266 457
298 206
480 314
348 163
465 140
163 247
293 552
441 452
302 168
678 396
84 419
420 242
387 549
392 480
499 478
493 481
288 577
163 538
324 613
477 308
328 393
543 242
151 602
358 283
483 479
380 626
556 423
334 220
328 578
563 499
173 713
182 367
404 285
367 412
225 234
177 367
564 555
407 136
248 476
337 176
123 362
637 130
326 323
637 504
332 238
301 323
432 590
335 408
706 332
465 338
191 574
286 270
720 340
637 377
228 480
540 160
345 503
612 178
513 355
471 288
380 666
406 145
641 284
648 361
509 148
274 300
413 198
170 473
490 353
596 424
269 608
510 725
416 607
312 578
402 627
590 209
601 551
317 313
395 163
415 172
562 404
386 609
130 128
285 368
240 459
10 249
276 317
745 701
586 606
719 197
328 304
593 406
333 163
168 332
343 366
350 715
336 604
264 496
540 479
306 107
461 572
35 414
358 737
635 355
594 72
376 102
66 622
184 316
124 333
378 637
648 454
203 600
540 423
514 637
428 430
234 163
491 428
431 439
433 378
612 304
389 270
463 423
555 663
238 540
288 541
253 479
414 162
305 202
229 637
466 480
478 320
508 163
254 182
405 393
163 413
539 616
214 262
573 731
331 708
535 367
358 242
361 273
456 523
163 296
622 476
421 613
387 254
343 178
169 451
51 459
251 242
336 517
251 409
341 327
579 246
554 450
756 637
411 270
503 652
231 339
371 721
317 350
384 220
527 581
579 62
396 155
306 564
163 359
291 459
537 339
509 198
317 266
496 126
453 639
220 341
163 200
588 530
458 418
637 354
585 439
418 163
179 449
352 714
386 509
471 629
168 448
463 637
387 356
455 14
524 466
139 297
303 594
372 629
472 163
82 663
289 532
255 637
306 369
436 398
67 393
483 355
182 342
522 304
495 637
590 604
463 490
221 239
609 475
460 436
562 299
576 422
243 271
334 558
337 207
491 205
194 432
637 180
220 277
343 469
597 318
231 270
412 408
202 565
93 548
246 404
396 320
169 390
426 251
163 458
745 449
324 106
250 391
249 634
242 331
272 322
506 571
492 557
270 368
678 309
513 233
449 384
712 321
292 415
389 437
774 470
407 112
463 408
475 637
680 419
521 363
273 465
260 117
580 436
19 385
290 467
369 232
412 405
720 420
341 13
321 234
349 645
650 482
569 366
549 524
338 163
328 436
717 446
409 279
392 411
429 423
236 469
315 390
163 280
436 94
526 397
513 427
398 558
414 256
521 446
417 259
470 509
190 348
568 634
361 125
251 364
410 574
163 343
503 645
484 578
298 596
334 672
710 406
415 591
276 230
452 564
592 357
151 319
341 283
377 337
413 607
581 129
168 495
468 350
171 446
427 530
259 387
154 30
608 551
467 211
210 502
551 455
593 408
166 289
511 263
345 236
180 573
267 482
342 355
56 279
172 373
672 394
180 290
451 244
163 308
578 417
587 407
784 546
536 180
414 163
436 332
658 572
304 337
257 386
221 202
490 467
221 217
663 311
436 369
163 617
586 397
504 548
163 503
176 439
361 469
337 273
258 423
472 339
334 179
214 318
680 395
550 163
434 90
264 301
543 93
351 371
390 591
555 248
663 274
450 208
292 241
259 382
609 494
417 394
418 287
603 477
317 95
474 385
226 375
604 626
204 309
371 726
507 302
83 290
615 330
637 698
589 231
327 484
257 440
321 208
626 442
102 469
510 383
404 509
442 492
290 416
627 244
276 505
265 352
637 573
300 636
203 321
373 356
321 199
383 499
405 530
414 421
725 414
371 671
382 485
703 467
756 412
299 366
236 394
431 304
321 237
333 400
412 468
430 602
163 415
387 425
627 522
493 393
453 525
215 312
788 480
724 226
108 413
507 347
354 552
357 615
336 192
400 509
294 462
335 81
608 420
475 420
275 637
334 633
603 363
287 308
237 423
358 632
465 407
440 598
361 50
459 436
413 789
553 383
108 314
428 745
387 456
323 477
253 346
332 466
523 465
127 333
207 575
386 637
250 402
129 607
321 288
374 449
606 415
302 309
297 307
254 505
373 316
359 524
190 520
371 414
417 501
303 266
728 379
289 588
163 362
483 446
375 723
639 314
416 409
637 449
607 551
519 621
403 476
381 143
295 594
143 458
392 347
296 555
525 432
576 437
264 375
498 399
527 231
196 339
163 417
450 351
364 206
576 755
442 333
279 450
586 474
47 594
466 205
381 176
419 632
444 163
475 427
660 550
350 554
364 475
454 509
121 163
212 54
440 628
377 340
255 479
364 541
712 344
302 689
476 559
411 233
528 521
588 192
420 331
354 414
339 606
282 199
313 163
368 637
362 347
602 355
505 520
313 471
342 560
216 487
48 380
519 716
435 637
335 403
306 181
484 383
507 536
392 308
407 637
341 577
540 368
591 261
247 233
362 520
529 497
695 486
435 477
163 571
129 279
637 473
367 27
534 163
171 416
232 604
241 367
637 331
87 107
348 637
295 412
407 390
536 363
427 536
416 356
637 250
293 235
107 417
168 335
636 136
448 192
214 659
406 116
395 285
560 350
431 262
651 199
53 228
392 254
491 615
338 126
437 372
421 171
649 477
400 32
321 374
507 163
501 482
398 209
424 349
391 557
500 299
538 595
390 80
576 395
82 369
615 267
214 266
10 402
51 335
596 510
405 382
384 505
233 225
338 496
288 559
342 532
396 164
473 77
356 73
405 434
379 340
637 309
665 444
321 479
339 419
483 757
550 480
541 497
179 558
297 289
391 248
637 221
497 205
426 18
182 264
644 111
321 233
382 573
146 505
415 404
600 413
507 340
395 664
360 599
503 456
265 142
486 298
326 439
555 517
227 389
549 306
276 266
405 430
601 231
479 337
533 518
609 405
459 498
547 734
511 440
237 509
289 629
336 296
536 207
210 637
643 320
543 380
331 622
363 581
465 186
163 592
423 534
619 407
539 389
18 437
287 590
487 470
353 502
173 468
315 435
292 338
470 245
496 163
316 28
343 355
528 693
515 469
282 440
583 572
495 253
469 456
69 392
403 276
635 415
230 735
275 322
586 366
263 211
313 359
242 580
520 414
637 325
548 363
362 413
341 622
374 163
332 474
427 608
637 212
374 311
266 275
368 273
541 429
403 103
424 258
594 523
399 187
493 260
502 386
377 756
363 166
424 429
417 548
268 305
513 541
455 535
97 272
614 380
564 334
274 560
288 184
419 419
643 425
412 332
339 379
290 448
241 549
482 317
226 390
535 256
637 119
519 408
293 627
523 172
284 245
338 221
425 624
379 418
365 343
604 555
258 451
564 416
358 176
220 753
102 637
396 163
502 444
176 352
343 340
182 177
406 321
387 737
409 752
332 490
298 449
491 533
381 350
449 90
354 534
280 245
433 369
297 225
353 501
224 272
222 321
467 342
155 391
77 557
335 35
668 520
380 637
553 442
514 613
694 395
436 479
421 243
126 284
297 215
331 489
375 528
499 657
543 366
438 217
265 45
395 246
57 421
488 131
521 301
498 533
512 627
429 384
317 324
355 191
598 699
456 637
288 511
385 163
351 491
321 608
618 476
494 312
261 270
468 236
38 489
352 268
585 637
519 605
356 264
325 315
443 363
175 321
366 433
513 263
539 474
376 579
343 432
637 421
575 391
530 405
318 490
516 333
163 316
374 216
260 791
697 346
243 413
356 505
336 10
37 103
358 608
270 620
490 371
269 597
345 228
553 727
508 449
78 411
592 446
353 191
758 199
447 321
607 510
404 243
311 437
326 149
36 163
294 422
637 477
591 334
423 302
430 253
328 319
607 610
780 534
637 603
198 243
218 170
340 341
232 409
90 709
363 520
321 634
224 611
528 110
637 410
227 402
547 350
467 182
260 195
232 725
354 163
313 246
657 239
590 408
520 572
411 170
551 393
168 631
357 670
621 558
194 662
548 481
632 322
367 188
499 596
425 63
288 406
169 588
399 274
180 373
277 338
371 672
421 423
499 514
238 330
267 120
184 278
163 529
363 217
488 617
562 209
366 514
492 554
471 559
582 465
383 617
724 554
335 621
161 549
430 548
381 250
428 656
199 185
306 654
163 496
469 402
730 638
563 427
527 351
559 163
294 408
504 687
278 487
163 297
444 342
270 705
295 456
197 163
195 387
456 155
276 216
446 532
363 663
375 266
602 314
465 492
471 107
479 423
302 501
685 527
450 431
726 343
370 305
637 545
366 452
248 390
218 452
630 430
361 410
565 295
472 422
293 413
432 628
269 321
404 520
410 401
449 255
498 580
157 160
239 414
570 366
587 301
684 586
32 373
76 461
517 255
281 169
222 616
786 382
637 523
204 491
447 691
416 422
441 633
552 383
307 659
214 538
356 285
564 322
145 581
188 514
424 208
272 489
379 559
622 335
375 172
700 190
478 325
596 339
331 305
10 243
261 431
616 475
466 604
637 200
391 189
536 55
424 457
108 628
403 637
352 218
427 272
637 496
186 171
355 77
637 365
293 588
760 422
395 293
277 449
243 594
446 348
163 517
302 141
163 463
470 538
525 367
195 475
740 582
344 406
333 415
227 478
591 630
163 527
126 206
234 586
299 555
369 498
490 121
189 331
523 29
363 163
504 564
306 468
391 544
492 240
784 400
163 354
656 621
53 127
364 369
218 316
433 469
423 336
605 286
275 524
551 570
637 503
163 327
435 660
159 324
391 302
222 305
506 428
244 371
496 363
639 554
301 163
494 409
163 443
164 322
357 515
439 255
406 530
289 240
358 507
375 479
333 447
367 405
275 272
294 600
243 163
293 302
576 420
442 424
233 589
285 375
99 163
203 461
382 718
381 416
540 539
613 672
517 552
439 518
443 287
269 37
633 324
558 26
249 618
473 189
728 229
384 475
188 439
225 186
163 563
412 720
373 760
136 73
233 635
687 343
470 312
136 470
335 468
603 307
612 517
462 593
508 679
459 501
285 454
447 546
304 553
534 321
390 436
380 566
163 531
300 192
172 532
415 439
153 192
47 163
325 525
427 261
739 622
325 163
630 450
468 628
150 455
346 250
504 595
572 356
574 310
417 537
352 102
428 353
712 488
787 376
392 296
255 463
295 620
451 482
472 606
318 163
206 254
157 315
523 46
539 330
532 623
265 618
245 428
521 374
193 572
253 288
305 541
264 600
297 443
321 611
349 279
467 288
548 489
605 320
492 287
595 793
665 292
528 429
597 471
400 493
334 361
163 455
292 321
391 397
159 253
756 631
467 439
241 547
474 316
221 755
521 523
329 540
453 593
584 571
496 398
478 290
382 259
526 332
479 259
428 77
311 484
531 169
276 428
92 250
606 414
479 210
450 608
99 424
163 432
449 489
319 463
243 355
474 637
519 132
413 344
544 458
346 453
494 475
637 395
466 224
446 354
525 272
346 703
185 345
179 462
278 340
78 493
346 203
368 398
347 542
501 567
127 373
139 622
770 394
500 438
397 551
637 396
598 431
550 458
250 327
192 411
465 477
224 537
410 576
455 459
531 345
522 197
183 495
357 690
78 637
502 731
392 379
546 408
554 375
439 468
372 437
122 351
453 485
523 144
248 496
201 488
679 522
451 373
710 404
395 451
226 296
421 289
435 416
208 367
394 372
588 365
544 201
461 637
471 354
384 590
341 670
702 454
145 181
252 746
448 358
468 194
411 342
519 361
215 518
627 486
85 358
274 362
239 529
537 544
366 386
502 615
404 726
59 176
345 255
447 180
365 434
161 386
310 713
281 481
225 415
334 391
387 49
166 194
561 388
230 284
383 385
630 490
497 292
326 580
512 323
201 594
410 338
364 407
434 346
218 474
480 354
167 287
481 230
216 310
637 242
658 286
189 514
454 539
287 461
571 273
131 353
749 208
417 380
519 163
380 496
314 348
524 453
549 429
668 400
644 302
219 541
276 575
370 249
554 477
287 336
389 494
409 707
345 286
637 441
492 239
446 547
404 254
208 616
28 319
749 432
180 280
534 488
492 356
98 317
523 278
489 412
299 291
425 432
574 404
456 539
222 206
427 585
249 335
504 520
398 425
328 209
388 105
294 192
359 563
400 363
304 338
251 401
97 494
351 181
444 105
524 163
332 332
476 378
271 592
337 560
38 501
407 299
448 193
747 227
436 527
333 191
279 268
440 394
684 273
486 163
536 433
355 500
490 363
163 511
637 450
443 209
138 386
630 327
163 465
361 569
169 244
499 637
407 179
373 636
341 367
344 570
631 443
378 407
403 198
520 139
394 22
570 392
310 331
307 419
275 321
480 146
472 379
270 630
6 378
273 254
244 523
627 293
120 510
590 526
342 598
242 741
643 440
511 637
562 290
391 317
249 163
342 434
274 328
642 341
403 190
268 318
397 407
366 478
655 337
514 501
286 417
319 357
338 357
308 446
478 428
233 335
637 219
592 498
56 157
205 333
534 578
467 151
468 310
258 412
619 393
408 484
451 441
395 512
345 505
599 249
180 242
243 488
454 373
313 675
369 347
406 637
305 336
450 450
544 294
453 188
106 236
576 436
343 163
204 389
255 308
311 276
509 651
354 181
661 269
