9000
584 601
420 541
346 373
394 650
678 496
384 637
219 219
610 189
331 293
484 621
479 549
506 359
190 317
216 430
526 597
368 649
183 293
339 405
163 78
272 330
637 449
419 357
569 192
378 170
548 390
255 85
243 624
72 466
406 511
505 637
117 374
520 520
241 384
287 415
159 652
479 637
556 559
432 522
360 598
418 163
230 328
180 389
432 155
364 164
476 251
505 309
372 214
455 310
324 349
90 290
623 203
449 265
648 649
419 261
187 334
499 479
323 586
240 233
324 265
344 344
592 325
507 307
649 531
219 576
560 426
290 416
553 457
596 464
461 206
452 505
628 474
321 626
21 329
793 163
261 582
234 76
428 244
148 425
333 185
336 106
453 534
175 163
351 416
374 302
710 391
789 478
558 551
174 163
211 392
133 477
745 541
461 436
197 438
637 283
80 19
383 383
167 322
276 637
149 516
379 359
246 175
343 163
510 306
195 442
356 478
470 264
498 459
407 383
151 416
558 552
103 214
693 256
432 506
321 76
472 13
391 454
329 435
578 391
578 471
570 553
496 344
346 295
472 314
489 302
490 498
445 307
537 163
789 565
568 176
669 404
352 548
556 167
355 210
742 198
468 475
199 284
358 614
561 347
299 102
252 389
407 390
593 446
501 637
307 616
179 522
321 350
163 637
612 489
479 264
203 460
630 643
135 386
426 265
331 426
559 582
421 252
183 460
352 474
179 501
602 339
229 429
176 336
390 232
325 452
450 208
779 111
463 312
610 522
413 299
155 409
353 163
698 409
634 260
413 575
106 494
265 558
341 474
249 443
232 508
260 372
310 395
378 326
358 268
593 418
154 413
349 163
672 637
595 639
352 510
431 637
351 629
243 398
440 592
506 567
505 392
284 357
354 381
747 369
163 650
553 315
469 434
163 361
615 238
553 83
455 572
270 253
424 407
296 296
171 294
437 277
361 376
613 366
163 537
494 301
328 362
442 520
534 376
364 259
576 392
189 436
637 474
592 292
246 554
395 460
163 424
711 424
247 320
221 736
163 431
410 402
598 372
290 304
489 466
321 637
239 179
642 399
480 235
470 489
130 717
466 251
240 616
370 729
193 468
313 329
140 311
157 348
381 481
163 534
252 163
492 583
352 306
479 580
690 500
501 458
168 312
339 550
310 209
294 567
427 345
191 540
471 484
517 562
346 696
257 279
265 493
429 213
363 381
686 262
407 257
166 342
637 440
399 375
320 534
388 759
735 428
612 383
163 343
478 479
370 140
163 247
315 547
349 593
311 153
341 380
346 71
336 336
578 740
266 390
637 163
250 719
332 309
574 485
416 446
479 444
480 307
251 297
496 105
434 637
502 169
258 538
271 400
570 432
332 190
283 405
296 516
300 339
179 511
709 439
446 431
637 489
171 363
545 344
233 334
174 112
433 219
292 276
617 554
611 506
388 99
571 437
427 241
374 596
707 321
537 321
551 290
490 542
433 227
637 488
226 110
290 354
504 405
181 479
584 467
502 637
150 370
554 470
336 637
742 361
551 476
521 446
333 376
362 163
248 325
214 628
460 686
659 258
91 337
512 445
300 492
795 2
179 566
672 263
478 514
516 443
361 247
75 163
631 479
393 191
593 193
526 360
429 528
356 737
163 432
590 413
603 371
267 394
163 163
637 719
672 449
122 572
330 449
483 585
637 551
347 524
389 401
243 373
590 667
423 568
589 340
276 579
286 218
289 429
266 394
443 351
538 428
23 416
448 478
407 448
637 637
163 176
397 166
281 593
514 637
503 674
215 608
314 349
473 28
474 397
401 288
472 163
292 350
163 497
318 304
468 317
551 616
387 122
557 547
136 373
234 163
163 328
279 483
201 530
440 177
89 135
142 277
291 288
413 149
360 282
354 302
637 444
512 321
568 568
409 300
265 193
165 517
600 625
168 327
412 167
351 266
738 444
637 343
699 541
442 285
645 282
428 240
235 412
628 256
603 480
199 490
196 396
299 342
234 257
637 502
689 465
539 587
385 522
438 404
350 265
328 363
404 608
498 25
197 392
446 521
280 492
176 477
775 305
62 25
503 387
239 373
300 505
437 669
449 637
493 278
252 402
467 85
415 444
487 423
479 163
502 252
283 586
208 535
319 241
617 305
415 367
444 51
430 94
446 288
87 377
507 569
539 460
518 170
668 444
777 622
325 230
375 350
277 435
672 546
186 425
502 344
479 568
321 163
603 576
351 357
475 61
286 276
492 276
490 696
453 515
396 512
163 562
504 539
410 165
502 390
393 347
349 387
596 411
317 451
609 348
725 672
148 116
397 122
266 424
352 485
152 288
637 479
608 553
505 535
738 219
278 359
462 518
781 624
625 163
307 618
597 483
195 420
637 500
371 735
709 314
426 671
361 432
447 299
417 525
203 392
610 452
701 440
318 636
579 406
519 540
473 417
163 421
794 463
461 330
226 361
628 415
430 441
538 425
183 391
404 243
297 455
163 506
528 251
583 355
333 363
217 257
382 187
473 457
715 257
318 99
391 254
224 416
637 518
398 726
224 314
321 344
328 548
163 321
163 172
379 357
637 321
248 163
516 699
289 637
177 590
444 728
731 186
261 531
571 346
391 260
465 492
289 581
233 497
220 547
541 353
412 637
532 164
299 302
313 380
595 355
134 452
185 580
609 471
547 518
335 405
163 479
230 548
236 316
554 396
385 573
578 517
509 291
251 395
593 680
648 326
573 315
343 639
580 188
637 515
431 293
101 241
759 184
283 416
385 307
442 466
241 422
207 629
385 579
458 287
330 154
581 152
679 476
369 527
582 511
197 421
521 538
274 296
578 476
425 180
431 433
497 268
445 504
398 468
527 369
691 458
82 406
531 770
360 320
163 655
592 333
381 226
163 553
240 350
618 267
91 642
362 495
179 373
776 384
637 246
542 333
397 357
377 408
145 528
380 770
234 78
300 340
637 362
537 574
431 77
301 163
492 200
229 226
16 100
440 282
314 481
348 248
347 301
207 163
615 245
450 344
507 163
293 535
598 201
598 360
727 489
588 608
228 578
475 416
601 229
645 399
227 583
503 502
560 121
278 583
244 681
534 174
598 43
405 458
363 648
487 470
295 278
178 6
249 393
192 501
638 579
321 186
183 637
437 450
456 452
456 463
306 241
391 328
370 411
581 425
312 345
354 313
637 442
308 357
391 163
511 637
46 321
338 423
397 525
329 255
287 498
448 624
531 223
89 133
353 313
121 594
321 595
315 293
416 524
149 674
473 515
163 488
271 445
315 310
434 676
293 439
208 250
478 163
444 391
102 355
498 637
566 453
404 759
479 215
310 240
129 287
239 400
308 479
468 472
625 579
25 345
366 597
428 420
163 342
405 734
196 581
391 596
466 308
588 370
528 244
499 341
268 311
575 551
491 411
428 712
438 333
716 279
524 581
434 136
383 296
543 267
402 594
482 213
371 209
396 177
255 463
448 700
374 702
506 506
466 608
268 404
571 693
163 461
288 243
341 153
437 540
430 194
492 124
291 430
359 263
399 566
82 455
530 427
186 344
275 335
393 334
511 501
323 179
475 388
521 378
145 278
576 402
136 530
245 559
291 375
373 725
163 470
451 643
264 519
334 492
764 526
188 283
287 637
487 201
637 399
394 236
536 420
437 733
712 482
440 440
25 676
472 233
485 239
357 396
500 464
547 358
207 596
217 91
513 277
317 159
163 286
491 312
442 733
340 301
432 568
152 322
359 746
164 477
455 408
721 436
571 309
607 163
745 530
441 283
566 167
447 416
468 173
499 221
499 448
22 382
169 424
256 386
412 580
426 406
163 515
163 376
468 752
39 525
630 155
565 544
681 477
323 376
637 275
514 284
330 556
369 366
636 468
499 357
224 279
407 321
531 511
439 608
495 551
584 14
460 237
627 402
506 337
360 518
331 577
272 428
290 189
46 312
208 201
475 524
390 548
87 297
217 332
388 528
191 376
314 118
175 460
498 265
663 273
321 331
347 502
430 525
444 390
262 625
384 586
401 270
114 611
423 534
518 281
476 348
364 125
233 558
517 392
313 617
462 697
600 240
163 368
411 181
347 392
449 508
272 323
523 253
615 419
164 388
455 729
163 480
749 358
242 229
447 183
652 305
466 496
597 479
468 462
443 321
279 389
559 388
21 332
84 342
436 580
536 226
217 686
587 210
192 226
595 771
304 255
456 595
519 545
540 637
507 234
367 259
456 603
518 314
466 580
625 326
331 207
390 471
434 764
530 416
553 791
449 71
583 216
582 637
472 485
508 648
415 685
543 296
609 195
637 586
294 652
171 499
508 276
605 380
348 547
344 723
571 637
261 627
439 500
361 684
469 573
374 352
550 89
176 294
383 272
760 409
555 322
446 7
264 405
558 439
611 45
637 486
700 378
637 360
586 375
715 242
419 403
629 37
275 319
500 164
293 248
413 574
176 536
416 681
696 403
236 394
492 163
621 450
400 331
353 262
461 127
637 380
303 344
393 252
222 318
607 457
355 154
577 547
521 163
570 290
306 382
319 137
512 471
459 593
584 611
534 428
573 458
500 228
617 163
324 533
163 369
300 453
201 163
498 254
637 755
563 589
397 220
315 318
237 484
537 543
267 194
168 416
390 513
278 697
488 163
163 276
373 70
361 637
566 106
425 255
163 482
163 570
253 201
584 211
589 252
364 559
414 236
480 513
194 321
483 236
583 198
326 456
412 100
266 727
299 562
511 140
285 249
382 610
304 676
495 630
429 215
505 490
572 285
337 260
306 425
375 44
661 422
383 737
400 637
306 592
354 508
593 38
673 431
406 552
203 186
370 470
505 282
292 450
402 313
478 438
144 330
428 637
307 373
441 488
401 708
192 424
163 508
356 444
520 374
635 324
351 80
214 294
522 533
177 464
614 280
729 244
185 555
438 726
779 494
257 207
533 488
431 480
265 321
367 558
389 567
370 253
649 679
558 177
521 176
250 164
392 411
254 326
178 364
490 399
260 538
148 548
163 392
448 153
163 433
186 526
624 232
637 434
332 490
515 126
409 301
362 342
476 196
265 313
174 150
378 353
585 320
174 315
688 496
163 557
461 168
495 302
573 593
163 422
33 388
539 434
457 163
422 564
348 410
657 260
496 421
246 250
408 549
345 370
460 471
496 102
320 321
166 546
409 322
385 399
300 458
499 459
572 341
543 637
195 234
583 150
162 483
397 392
399 163
215 207
382 238
584 357
259 493
458 135
336 463
64 163
481 476
237 503
297 297
559 587
402 567
227 579
226 459
463 178
359 498
80 285
747 380
515 310
507 364
383 580
486 475
319 463
454 495
444 426
526 277
601 357
282 637
28 186
363 740
190 332
302 479
284 217
498 353
264 384
409 708
415 282
609 217
299 375
604 450
644 538
247 383
163 211
593 282
93 356
200 321
300 379
510 542
374 247
599 163
467 473
227 224
253 551
471 327
84 24
399 173
453 69
597 471
726 358
414 543
338 534
163 251
350 157
418 453
152 373
376 559
353 398
356 201
429 433
358 597
584 278
466 277
207 359
196 414
199 170
541 632
259 278
221 520
430 553
637 736
317 220
187 451
323 248
163 567
654 397
257 163
273 513
580 543
640 639
307 307
523 493
527 637
201 637
253 95
480 486
527 462
262 231
515 229
500 342
237 163
336 492
348 424
364 422
577 225
543 600
420 424
213 156
467 627
294 196
402 378
478 411
502 387
406 238
425 316
204 322
637 243
336 476
637 391
455 588
333 428
541 505
368 469
213 216
500 348
540 340
322 458
416 658
218 268
374 250
445 400
241 369
346 355
489 378
502 361
642 397
363 359
393 253
380 450
386 458
591 560
159 415
337 560
528 448
392 587
224 459
266 645
466 303
637 467
317 587
302 722
231 511
314 304
405 338
265 124
287 385
501 454
43 270
514 400
263 503
309 259
391 389
295 496
480 327
146 513
637 255
588 294
222 430
700 439
123 472
308 510
163 203
320 420
619 619
623 433
294 421
415 52
711 281
321 303
365 637
575 663
379 88
420 373
234 476
416 205
239 348
684 464
589 71
647 404
406 456
272 387
270 371
148 471
602 530
462 438
193 335
560 7
557 594
276 366
422 52
418 364
594 384
504 479
400 563
637 523
399 753
409 32
578 487
264 268
19 410
585 388
74 422
256 389
277 357
718 324
642 211
681 229
486 448
659 281
482 251
561 237
591 499
461 596
285 513
622 270
421 591
434 285
530 118
571 298
163 391
163 678
381 574
517 163
266 515
193 392
507 690
147 414
291 329
347 671
73 327
400 494
343 446
543 178
637 336
105 237
601 637
497 522
285 409
417 296
350 407
517 509
592 317
310 314
449 469
460 190
291 479
572 349
428 205
345 227
328 637
464 436
491 407
583 486
617 495
510 162
703 540
470 112
303 379
514 557
163 404
559 188
108 300
493 275
358 399
321 267
84 362
332 474
368 84
302 497
443 742
482 402
498 439
280 438
579 347
154 163
580 377
126 472
420 450
420 453
395 220
569 280
447 287
71 421
70 163
519 192
473 350
314 416
400 351
334 772
637 415
202 413
413 779
286 365
35 390
345 69
444 454
192 197
518 221
591 626
217 673
436 540
262 637
718 415
561 263
375 489
464 148
637 64
637 280
504 451
366 139
422 219
324 166
694 348
481 42
350 686
199 637
309 272
397 163
544 753
365 322
71 124
422 315
143 279
626 515
573 491
326 133
554 342
737 493
625 529
538 420
321 269
506 522
355 741
112 334
533 476
309 634
38 497
508 264
403 329
332 447
334 197
517 370
559 266
390 778
433 524
370 122
217 344
84 435
415 409
365 349
591 573
508 495
230 727
706 399
295 298
537 374
515 479
401 455
333 249
322 500
355 618
546 446
252 186
599 350
320 557
319 69
25 593
288 527
389 326
294 276
594 205
505 373
167 348
420 445
307 321
454 243
275 209
272 647
431 163
206 600
283 215
561 547
500 639
520 169
334 618
566 394
163 427
305 463
296 151
332 470
637 230
637 161
432 114
509 157
269 341
388 351
491 264
410 185
24 537
540 258
433 369
434 433
725 676
65 394
63 283
429 481
637 465
306 524
279 496
525 138
507 450
263 358
242 637
368 631
608 395
493 169
656 498
630 349
383 223
637 447
313 462
697 453
186 503
364 637
475 533
552 647
573 558
549 477
330 438
607 434
637 374
533 437
441 264
254 735
591 441
462 363
270 529
483 474
365 81
630 285
273 486
164 272
229 736
569 231
608 278
482 640
216 412
274 483
305 524
435 267
345 315
382 532
531 494
576 556
459 445
466 382
402 635
459 418
426 290
476 400
649 253
637 279
576 263
427 399
387 433
508 353
320 274
195 163
393 163
578 546
790 151
495 632
251 225
443 360
365 476
677 276
185 508
285 321
261 235
244 122
394 637
268 423
460 218
275 426
455 486
499 336
290 423
159 65
386 661
444 633
464 686
637 322
617 333
286 238
456 303
565 416
479 205
420 185
341 292
322 534
510 499
321 405
509 406
494 631
427 530
440 259
495 507
166 321
345 193
591 244
239 539
680 600
248 343
349 262
609 237
385 737
462 616
232 324
369 574
242 240
508 144
286 481
388 254
85 464
456 637
428 354
433 275
207 592
206 247
179 467
176 154
382 546
527 316
327 373
401 556
313 263
385 282
626 488
569 378
489 383
269 372
391 290
531 431
382 163
269 409
309 163
641 452
602 602
364 393
434 769
263 637
496 411
513 420
637 432
399 117
117 406
326 137
409 192
296 271
126 279
564 402
464 211
643 110
350 359
377 219
163 349
318 560
232 671
569 362
238 431
308 422
540 329
246 163
494 204
466 260
173 359
662 181
179 321
519 442
395 502
373 166
286 605
452 63
157 364
581 163
190 454
688 367
458 141
273 351
630 172
208 448
550 597
268 373
421 536
456 286
339 366
471 578
427 220
163 423
236 601
377 421
351 129
311 348
489 580
329 279
163 544
261 284
643 578
416 341
189 220
243 282
230 404
486 242
616 341
409 571
465 228
645 196
404 467
450 415
505 326
329 312
102 437
163 150
213 387
185 115
355 224
222 79
73 345
540 407
371 518
314 531
256 630
637 635
465 379
473 180
364 312
381 516
659 500
336 523
543 643
436 407
77 298
419 443
325 612
702 276
248 403
294 476
314 401
376 581
296 318
301 792
419 637
182 430
564 261
517 394
176 256
457 508
23 58
194 356
399 298
231 376
378 229
506 489
302 339
114 200
563 254
187 429
408 637
31 260
62 462
336 466
595 437
418 266
475 84
428 307
642 357
407 17
398 531
307 102
382 34
342 421
491 528
368 163
635 272
395 224
489 212
370 528
415 29
333 483
337 398
565 627
373 511
192 514
534 468
637 256
322 572
162 407
631 497
338 429
167 463
600 566
465 158
500 345
637 291
163 636
613 372
469 585
346 40
606 311
86 412
621 451
367 320
777 376
560 523
288 324
250 408
472 472
349 551
342 774
637 397
546 163
205 452
346 163
274 545
387 637
641 488
393 188
687 521
322 480
570 479
494 441
94 747
285 43
14 419
591 334
226 581
439 281
224 341
333 618
290 491
270 357
205 163
556 530
651 551
433 308
456 403
644 97
268 165
243 165
590 432
544 407
163 546
227 321
518 409
363 436
258 163
545 292
230 407
693 257
664 698
267 326
322 414
637 299
163 26
92 695
522 365
465 208
632 406
467 191
637 189
285 637
266 344
244 359
585 252
550 407
199 350
163 44
396 451
349 173
211 707
379 578
92 439
163 259
651 394
630 457
706 427
754 471
339 201
252 363
522 247
601 371
131 441
638 329
369 576
403 479
401 465
245 163
185 362
497 321
509 306
248 286
398 258
678 452
544 97
564 755
582 375
436 444
373 428
325 396
595 637
274 260
563 237
637 416
219 528
172 381
596 433
537 394
254 443
341 468
795 795
252 202
748 384
222 366
432 359
330 445
581 263
7 279
479 590
416 121
506 463
679 250
366 513
404 390
423 509
163 517
479 411
766 344
203 563
479 527
237 450
541 390
701 399
163 478
413 163
163 518
281 614
250 409
5 5
522 349
323 324
116 91
252 561
265 200
599 425
706 164
322 532
55 429
373 377
87 300
328 328
408 573
371 190
531 325
523 155
398 706
637 532
327 410
362 489
29 628
387 395
419 629
490 332
785 436
223 396
708 640
119 610
497 460
550 544
472 492
512 353
163 268
461 451
338 163
297 377
285 215
480 322
291 518
497 331
693 341
189 267
492 235
274 190
282 440
330 392
356 521
354 669
507 117
347 637
366 464
486 315
686 396
427 380
327 517
392 576
151 331
249 391
450 549
395 164
411 637
516 306
349 274
645 498
407 772
164 633
409 621
262 652
397 318
620 375
401 575
436 602
587 207
494 354
50 454
727 368
606 550
449 157
482 470
495 203
627 542
562 242
637 29
282 375
528 534
516 637
464 459
595 567
478 369
675 233
408 250
399 423
116 349
195 380
577 310
83 457
597 383
261 264
542 474
421 607
285 476
702 454
577 55
242 575
689 127
371 51
556 398
615 565
543 137
374 438
522 244
458 470
559 529
317 365
747 639
485 369
453 171
229 536
402 163
337 682
143 314
392 119
662 277
518 315
380 614
270 566
534 244
540 474
533 188
331 289
131 286
228 645
281 426
586 562
163 709
143 381
442 515
534 334
410 616
488 437
438 146
381 297
643 370
601 379
203 525
199 769
446 565
481 446
510 637
463 163
685 260
347 579
534 270
404 328
288 315
254 290
201 549
220 139
163 396
273 625
637 647
465 699
75 355
429 439
530 509
477 479
548 558
497 134
416 411
163 54
207 291
479 427
339 447
494 336
559 512
487 226
434 658
339 184
515 163
565 577
169 502
383 576
356 490
700 317
191 478
346 581
309 637
276 197
443 309
423 426
503 564
439 352
355 579
442 603
214 285
269 533
206 751
223 247
145 415
425 637
378 698
253 637
637 393
370 134
563 201
163 309
778 287
600 581
257 385
502 409
427 430
181 242
298 490
297 262
378 163
453 466
453 248
481 456
292 391
592 487
425 532
195 561
569 321
478 386
453 411
436 195
86 449
419 405
327 278
275 282
635 383
455 297
546 242
470 537
497 615
775 410
547 493
660 476
759 477
196 446
625 335
478 228
691 470
300 151
440 163
455 376
119 315
568 468
632 252
504 552
489 381
313 628
335 347
714 191
299 358
288 240
553 442
151 380
198 369
501 172
528 288
429 605
557 22
597 299
356 285
655 383
321 478
470 504
499 637
321 678
163 374
507 262
356 460
277 633
426 251
46 60
759 431
417 287
414 213
442 116
312 645
109 382
508 517
388 227
421 419
182 249
244 202
355 300
607 443
368 318
246 300
564 496
350 375
140 440
449 490
266 594
520 413
631 350
342 406
416 367
637 349
588 746
296 757
274 637
300 49
153 475
367 597
275 275
560 482
401 559
427 466
374 357
629 260
581 380
80 106
449 449
420 268
430 222
481 300
364 520
584 637
313 327
271 337
487 598
597 310
574 271
170 355
631 692
18 503
399 84
232 623
206 607
566 521
504 319
628 216
442 40
449 605
358 440
520 283
717 565
278 243
119 436
304 280
583 408
493 372
327 169
442 108
514 563
33 170
335 496
349 592
257 443
411 570
280 457
163 230
228 224
467 310
340 498
58 412
595 291
442 693
233 567
34 422
220 619
386 399
163 360
542 543
300 470
616 779
238 392
273 636
602 621
132 163
512 490
233 294
167 163
186 519
403 36
296 391
170 330
163 209
576 682
163 366
279 479
640 317
589 301
557 479
304 259
600 191
537 237
422 637
300 657
602 272
201 206
455 397
351 733
702 746
351 332
428 334
701 410
393 393
534 637
563 518
614 637
379 144
294 550
413 455
396 428
89 353
611 620
396 60
374 343
304 337
545 613
371 504
387 163
658 198
637 494
221 346
163 277
137 497
476 448
635 537
178 225
65 223
378 246
218 436
623 307
593 454
306 297
183 619
257 655
179 288
366 241
321 569
282 256
268 590
637 273
274 543
422 479
479 447
545 285
166 537
615 614
272 462
650 519
398 341
605 415
504 620
533 380
262 247
336 478
288 503
495 473
158 524
168 544
452 16
331 372
519 84
637 298
578 220
365 562
492 300
68 573
479 223
285 355
414 290
441 476
417 422
471 215
375 370
401 637
589 570
190 104
464 637
494 463
578 507
557 293
538 354
326 232
26 386
531 410
163 622
359 646
456 501
547 570
286 345
46 637
510 160
515 434
342 615
389 122
620 476
517 732
320 500
201 110
35 163
480 339
338 482
410 664
49 340
293 383
607 699
511 474
192 637
611 749
261 434
637 381
16 312
204 429
442 307
371 111
637 382
178 236
386 478
199 424
168 299
397 429
588 579
257 429
473 239
169 417
272 479
227 627
172 464
329 481
464 381
163 548
499 54
370 281
253 532
575 371
476 427
231 481
326 468
341 588
447 739
479 330
295 192
200 677
486 203
496 609
620 620
290 204
316 325
276 268
459 543
637 642
245 224
608 633
187 418
651 588
263 613
509 423
699 402
700 395
230 527
508 683
213 637
512 394
62 80
207 510
180 371
432 629
459 205
238 231
503 412
377 405
278 327
637 285
341 160
306 410
550 590
273 535
584 464
582 640
558 564
399 368
295 36
291 275
652 387
572 469
290 422
419 589
616 637
636 380
436 252
370 348
415 415
505 452
408 481
369 207
476 445
576 554
421 517
470 533
152 665
589 265
637 574
361 27
291 335
232 376
451 304
206 446
229 386
256 414
332 454
441 213
228 34
362 238
315 498
103 319
476 252
391 250
406 467
398 405
439 292
213 428
185 424
513 492
464 725
452 264
163 166
378 442
244 648
637 545
383 406
444 569
597 466
488 235
428 452
676 440
738 163
468 612
390 364
579 598
637 487
354 157
180 191
379 326
264 472
447 721
526 497
730 449
37 387
326 326
422 332
605 512
222 328
535 172
32 240
386 436
304 334
406 235
504 295
222 444
400 558
376 388
170 408
429 486
229 163
184 392
235 194
627 567
333 265
171 329
235 448
465 487
725 348
307 298
163 270
370 273
583 433
593 326
242 337
642 104
111 404
503 581
478 188
598 292
223 479
302 506
189 452
452 484
313 236
336 613
608 412
469 583
606 356
178 390
314 205
482 98
295 337
382 712
603 188
554 245
448 531
362 398
289 506
383 635
339 204
330 599
366 341
448 285
395 398
637 218
48 275
265 616
456 374
286 286
307 96
229 375
463 121
403 156
472 758
378 150
174 760
52 296
394 356
426 159
494 433
202 298
484 512
694 413
163 310
487 26
414 467
605 492
71 428
317 429
501 343
390 637
655 451
58 504
226 619
410 512
297 474
416 743
435 163
59 242
313 301
248 720
393 525
475 637
550 192
609 201
139 265
268 418
764 221
538 103
244 588
480 302
641 399
504 475
399 467
334 637
451 156
269 285
208 566
578 358
436 424
279 637
377 637
210 299
242 479
619 418
342 107
494 455
376 333
188 188
417 552
223 454
163 234
463 495
293 471
179 464
356 100
559 701
377 498
196 537
482 61
508 435
163 397
512 637
222 177
724 573
539 239
516 441
370 714
581 376
361 546
183 378
657 374
550 763
47 594
749 553
297 480
321 492
544 545
773 750
281 378
448 406
174 467
454 321
522 553
394 256
250 391
161 409
298 328
368 270
285 233
506 386
395 237
411 480
240 510
192 571
260 464
428 278
661 408
295 637
144 360
316 637
417 432
310 337
423 401
508 680
212 552
616 255
171 374
572 265
328 385
416 511
613 79
446 577
433 656
252 94
324 387
331 637
456 466
470 554
163 616
696 452
590 513
380 334
275 305
331 421
395 512
597 290
465 343
183 716
291 617
663 500
197 734
438 417
582 365
308 637
406 571
515 387
272 236
440 236
388 62
442 354
704 407
164 205
637 505
329 487
390 163
414 394
433 472
377 580
554 30
347 163
738 266
205 276
248 194
227 368
12 335
286 566
343 407
534 163
419 591
181 321
546 485
228 386
331 588
551 508
271 439
590 74
467 366
293 347
522 265
756 201
525 377
318 384
568 276
404 168
454 417
369 652
173 321
435 241
385 478
538 365
453 337
367 484
163 444
451 526
164 701
405 460
600 349
515 297
265 502
443 675
195 354
257 539
324 606
182 575
424 582
770 359
265 423
309 445
443 514
396 341
531 652
277 163
181 414
435 522
447 443
465 613
345 373
513 622
502 776
736 612
415 491
384 221
301 143
360 552
589 629
468 286
606 411
485 518
436 163
81 442
214 252
452 256
341 259
622 425
333 207
138 164
400 163
488 593
553 304
617 295
432 330
163 471
628 409
472 676
367 429
422 358
252 357
299 525
302 311
403 449
548 575
305 180
381 749
345 27
637 455
324 778
637 173
382 165
84 441
299 119
629 476
429 429
322 385
114 428
487 305
382 476
6 271
48 597
493 188
528 256
280 456
322 238
416 307
278 510
420 384
259 559
512 185
500 425
194 163
318 245
616 63
429 358
347 607
184 450
128 532
315 509
205 286
565 204
235 255
447 163
622 359
547 394
337 125
593 338
321 641
395 386
479 219
443 139
409 717
444 334
468 331
637 311
409 525
305 199
201 311
367 578
76 345
307 334
330 202
176 576
265 622
185 426
357 498
348 637
370 587
292 500
402 372
341 637
727 421
409 509
637 498
244 163
223 347
332 174
270 554
440 325
380 369
518 233
533 383
177 163
570 618
249 467
186 242
395 538
610 321
784 488
646 356
477 576
163 371
489 367
637 340
393 464
324 574
341 434
452 117
628 401
228 369
386 10
488 581
249 182
269 427
740 532
410 408
163 217
292 303
163 658
163 748
536 448
520 505
192 541
465 147
511 321
318 505
145 433
25 637
439 48
325 435
191 349
271 461
405 392
377 170
64 205
520 121
405 22
433 235
559 363
196 423
163 443
345 573
666 482
262 170
561 215
237 578
214 476
637 276
192 367
434 670
455 290
473 366
7 566
251 409
172 742
637 501
523 615
370 165
383 465
521 264
354 228
495 222
545 599
384 364
703 545
441 424
343 236
426 408
637 549
431 535
153 431
553 574
243 332
519 496
460 483
508 432
101 440
299 433
194 447
401 482
337 591
417 430
573 173
240 626
567 494
493 396
279 634
314 419
191 674
330 106
528 637
491 365
34 374
636 485
191 102
678 549
437 86
674 447
786 95
630 467
521 507
546 266
314 168
466 333
504 269
433 345
334 240
300 609
239 560
336 265
637 417
257 762
209 597
480 463
278 341
242 503
458 624
637 305
163 373
608 191
546 342
260 286
628 582
619 527
226 419
318 219
337 208
196 516
337 415
240 546
422 357
415 169
122 524
228 525
637 288
637 334
223 212
150 592
691 343
54 523
628 487
470 637
302 460
569 361
99 296
361 446
330 336
792 165
374 308
562 564
309 559
64 448
575 381
569 367
516 353
279 203
686 291
724 416
280 181
420 625
368 637
336 621
591 637
541 275
391 216
301 298
692 525
530 415
593 531
286 344
637 357
372 605
458 499
625 299
404 276
343 501
494 658
327 359
113 528
493 364
737 459
233 460
529 552
389 543
87 367
545 240
194 462
378 479
296 287
293 127
586 271
478 52
246 355
516 124
317 279
539 557
276 434
197 340
541 671
305 310
749 635
231 236
239 551
292 543
395 246
506 237
445 265
163 275
457 299
239 467
495 603
316 499
624 311
501 163
231 248
472 513
201 606
535 390
7 421
517 617
337 495
327 637
14 637
436 518
437 595
368 425
469 243
491 479
415 516
163 294
455 317
490 544
323 476
414 260
367 360
446 281
360 354
637 632
297 308
598 483
390 690
366 352
220 365
215 749
481 427
263 152
475 163
420 555
261 471
228 382
434 365
435 561
426 513
399 171
462 289
249 637
475 482
456 163
300 393
433 504
659 362
328 472
422 705
643 229
325 321
430 338
483 158
605 184
237 190
755 373
114 387
539 366
637 361
386 624
427 229
609 246
397 366
463 395
280 255
551 163
321 614
340 554
236 592
630 338
474 651
682 86
250 637
505 500
414 637
318 163
288 513
480 591
102 367
163 509
406 722
540 319
434 400
395 467
508 364
253 347
357 214
394 295
294 163
465 527
494 328
637 249
291 507
619 499
495 440
458 544
551 370
508 431
508 380
254 405
468 489
570 249
366 684
431 508
515 557
97 211
303 724
376 750
289 586
595 324
270 321
316 255
637 325
363 268
626 278
111 623
225 508
262 379
283 358
420 601
711 626
358 191
262 621
78 448
224 461
623 367
392 141
410 281
286 417
267 443
479 188
710 417
652 358
314 488
262 511
633 723
617 291
398 371
783 664
792 635
744 213
378 565
163 332
386 567
282 56
762 377
313 442
104 537
220 321
521 637
366 585
407 691
90 163
620 416
332 146
273 666
404 313
536 190
457 366
637 197
255 391
32 457
244 419
705 151
637 383
591 508
128 402
402 555
449 320
440 132
428 751
391 318
320 9
235 476
335 63
478 430
430 506
241 337
259 382
354 582
400 304
260 346
203 123
176 282
395 351
364 410
200 292
554 637
463 347
293 395
230 484
350 498
395 163
357 483
667 251
641 559
674 370
445 304
430 632
276 293
698 468
669 479
244 358
540 163
561 396
321 470
559 494
479 329
533 637
370 568
792 345
395 222
330 467
602 340
572 375
240 168
190 343
522 378
262 257
491 333
267 692
304 281
590 559
544 657
170 417
377 295
419 470
503 346
242 602
473 637
591 214
172 498
519 259
637 438
290 351
738 503
392 275
153 227
484 404
349 311
434 302
595 756
390 343
549 163
233 42
77 443
200 506
545 165
583 222
414 227
666 568
651 163
408 233
637 468
651 242
348 466
244 712
433 109
329 480
336 163
168 347
94 515
210 207
475 655
221 163
437 424
615 577
387 55
357 174
350 690
497 339
163 531
325 512
354 507
526 285
495 441
363 316
482 536
362 279
492 465
385 581
606 637
682 206
421 486
186 321
374 553
149 367
329 505
383 453
207 469
336 543
643 372
403 620
554 163
65 451
598 387
229 133
466 637
193 388
136 290
476 675
490 263
653 354
456 271
587 243
280 309
585 192
636 253
378 637
395 456
329 438
704 471
518 135
345 285
681 163
399 267
464 511
155 225
437 522
233 183
321 588
423 639
344 535
150 637
569 403
420 262
234 339
419 747
702 637
408 461
560 323
596 653
116 539
283 193
383 609
163 539
440 481
654 447
282 347
178 292
370 535
473 57
445 367
386 339
549 635
459 599
564 740
340 182
528 305
717 372
564 395
558 125
194 575
647 464
260 502
369 353
486 743
511 446
490 324
270 382
587 411
509 777
476 74
569 727
344 389
537 489
362 375
320 535
347 561
486 317
518 637
472 564
163 243
194 455
615 556
451 657
359 673
147 468
295 321
423 244
397 164
637 512
442 139
463 580
479 307
383 231
255 605
553 460
651 504
236 289
485 522
462 346
429 444
342 273
395 356
478 554
469 311
424 267
537 479
534 518
406 334
412 334
720 582
504 346
197 436
148 359
285 512
471 543
396 342
163 29
187 356
359 441
291 553
308 163
267 440
361 163
510 577
526 233
592 265
208 262
34 298
657 405
377 386
515 442
543 541
689 531
357 296
217 446
612 373
386 539
431 400
637 543
543 321
179 490
560 536
325 279
539 450
178 541
356 198
315 484
337 530
296 336
420 743
782 405
163 215
404 246
511 218
102 489
687 321
468 607
312 521
163 13
464 332
573 100
444 163
563 428
486 381
479 523
179 536
316 365
163 466
355 637
618 642
395 146
415 670
468 195
361 599
260 195
320 365
458 533
562 238
464 555
484 148
396 777
246 299
211 369
416 118
405 416
278 292
497 215
163 317
417 697
240 315
163 384
363 600
631 375
476 473
627 120
387 610
450 173
714 356
32 637
451 320
490 467
448 621
321 143
379 346
281 383
383 409
756 334
282 539
590 527
180 578
375 519
437 590
438 318
190 552
457 637
575 455
479 414
428 183
364 307
414 303
239 366
320 452
410 547
303 338
163 787
267 374
293 308
439 191
139 531
434 549
347 590
554 375
195 622
163 542
163 264
499 386
381 713
232 409
229 229
185 454
409 703
557 637
471 664
554 533
179 637
745 514
340 513
522 539
430 347
296 397
546 351
523 390
244 530
224 460
516 601
581 321
718 311
309 275
547 321
599 668
321 300
565 637
377 544
747 431
425 52
306 118
395 559
384 466
306 422
441 200
374 370
752 609
441 442
167 469
198 408
539 371
605 352
637 633
311 408
396 280
637 590
346 442
437 352
217 400
475 308
147 313
628 406
115 459
412 364
473 315
197 277
510 586
149 421
390 558
132 199
513 603
397 471
506 403
637 228
223 138
587 442
629 395
293 428
524 413
296 569
420 229
485 403
350 395
637 372
470 703
593 455
428 108
229 326
106 247
569 535
321 519
575 585
418 260
74 652
495 337
539 416
179 295
264 637
329 390
225 259
402 546
508 248
204 50
478 237
460 200
432 507
409 627
385 442
411 163
426 552
163 324
288 296
442 199
759 293
163 110
306 462
200 163
400 334
348 11
331 151
506 466
668 163
284 615
548 633
254 597
272 487
313 599
392 401
442 318
142 463
600 374
233 684
631 713
445 179
518 395
394 585
417 227
275 347
321 271
321 171
421 263
609 163
514 83
302 400
333 258
376 42
262 355
330 678
228 250
415 542
176 79
603 259
189 537
319 490
219 163
643 528
163 414
292 293
594 402
558 430
354 637
163 229
556 620
355 321
532 524
117 326
488 473
474 322
524 282
358 196
284 483
452 493
221 235
538 214
323 165
295 389
189 222
619 354
546 132
686 510
394 366
340 638
503 613
251 345
464 567
206 570
201 426
643 143
398 556
321 580
544 569
619 539
140 539
765 380
167 790
407 157
352 289
450 615
540 553
24 351
631 382
83 508
442 372
333 541
294 449
731 452
490 490
296 445
328 284
438 480
489 415
223 508
69 186
163 214
149 441
653 267
201 148
722 541
397 744
351 595
342 163
407 163
281 239
554 299
15 393
145 501
307 442
483 489
246 246
525 254
614 274
625 288
183 290
382 427
508 163
467 490
588 594
456 555
247 262
489 489
287 224
360 460
348 471
677 417
457 399
140 386
348 458
163 523
186 562
463 260
500 656
692 472
637 287
149 198
550 295
390 387
564 230
441 610
386 479
583 511
668 637
339 357
356 637
183 516
264 177
428 718
491 420
477 215
493 527
428 591
194 386
147 429
580 637
473 88
469 680
305 447
202 421
275 312
524 249
571 289
415 637
505 523
432 259
718 493
410 273
360 95
574 315
486 328
212 337
94 439
743 58
552 163
303 353
454 435
483 361
683 175
532 532
474 640
163 477
364 163
446 411
398 193
381 348
761 366
458 654
69 449
550 536
258 397
263 163
368 393
348 608
760 418
386 614
483 354
365 351
472 522
370 637
404 214
499 160
525 445
637 407
163 436
708 522
590 590
163 409
579 421
463 486
391 463
238 438
637 328
297 155
420 715
420 163
428 676
499 426
509 209
254 163
329 359
540 388
464 178
554 607
472 590
52 400
490 249
163 266
377 181
38 279
483 357
404 63
233 481
289 382
480 373
252 576
375 458
519 672
480 478
344 613
583 332
412 369
562 404
224 497
402 324
409 475
241 210
329 188
353 473
615 526
555 397
249 459
424 573
743 78
163 560
245 551
373 290
586 315
163 735
581 382
472 218
393 466
408 724
230 406
259 606
283 637
411 408
531 398
296 637
730 457
433 498
332 506
656 163
552 559
327 771
548 399
147 530
349 709
123 523
295 313
379 472
274 388
294 556
674 449
765 386
449 187
546 245
621 339
430 449
244 536
368 668
418 392
431 431
257 700
197 611
214 435
371 647
242 359
163 378
592 524
688 440
502 395
556 464
209 158
380 211
172 500
439 501
290 445
500 564
314 499
197 415
637 529
80 425
261 107
426 211
637 516
493 578
277 321
316 300
487 318
131 369
496 637
370 477
548 409
761 562
478 543
447 570
516 238
412 303
420 728
404 349
418 84
693 435
344 294
458 449
422 288
538 565
356 350
328 163
158 413
203 735
580 231
527 617
317 346
35 282
484 326
512 155
159 705
282 346
379 637
302 123
556 274
571 241
720 343
450 478
489 197
211 463
391 385
130 637
316 387
536 369
435 304
543 366
493 256
351 290
765 607
528 205
296 299
219 245
421 333
560 417
28 771
532 361
518 518
410 128
223 481
700 371
325 316
690 643
302 121
431 682
257 260
627 289
163 358
736 198
433 423
572 485
532 476
504 453
412 254
272 624
32 111
85 544
388 21
637 296
194 517
469 627
82 407
522 475
473 231
535 428
294 422
576 160
628 558
540 296
216 500
637 345
271 722
319 534
429 165
223 95
336 421
254 387
229 588
441 436
276 567
196 243
549 452
373 653
155 449
569 379
604 540
274 360
114 526
592 413
539 364
254 321
566 235
602 573
275 406
314 461
351 198
246 511
530 187
592 560
346 527
175 393
161 163
29 74
541 364
369 281
198 446
253 633
312 676
210 637
150 215
220 400
556 163
522 390
378 532
226 528
637 302
318 615
313 561
200 652
680 513
221 515
417 471
74 294
301 672
355 377
516 396
321 383
661 373
150 318
164 612
235 468
442 346
327 553
188 637
198 456
222 129
163 481
386 544
268 411
355 236
315 420
128 415
163 500
396 312
483 578
466 578
482 398
746 395
377 491
340 284
400 615
389 724
541 383
341 442
275 430
731 204
409 134
354 171
298 140
343 390
594 320
589 637
82 430
318 558
247 405
387 671
438 79
163 499
201 762
147 541
532 555
620 357
374 96
290 563
352 149
283 325
482 528
172 330
88 456
443 427
412 517
637 331
418 422
625 479
459 163
191 389
464 335
348 490
407 504
244 431
168 321
488 572
356 308
328 753
171 163
457 113
295 793
248 308
187 190
372 97
333 308
134 359
756 404
211 657
418 151
290 448
277 613
528 528
201 341
340 216
383 475
438 737
365 211
349 107
218 203
457 727
373 696
79 397
547 382
496 331
443 304
10 364
430 393
458 63
384 547
280 162
646 500
259 504
641 329
374 175
180 542
136 282
86 466
577 288
383 427
478 513
361 480
394 727
163 291
194 637
282 496
683 378
72 382
17 261
419 430
559 311
332 197
463 205
414 44
508 752
499 318
726 352
524 357
375 241
213 617
637 620
335 94
344 297
48 399
194 353
468 574
341 341
163 386
204 611
479 498
361 519
396 637
461 424
637 535
492 361
319 315
352 719
515 518
701 71
488 330
393 381
382 342
225 283
533 234
541 699
583 425
637 242
262 388
444 573
382 287
461 586
577 463
298 343
374 744
168 561
449 256
487 561
586 370
288 667
780 536
174 549
51 375
445 637
312 329
586 274
429 745
185 570
400 184
466 325
738 362
355 149
539 170
690 249
502 286
675 408
509 161
324 459
482 469
188 243
375 375
299 211
279 148
420 293
497 22
338 298
634 97
583 300
299 351
116 512
307 543
470 79
402 466
607 576
286 298
175 637
722 456
574 600
307 544
453 544
180 504
229 578
584 426
63 321
458 344
582 394
339 474
619 401
452 414
228 476
368 313
392 637
415 370
378 344
563 230
258 473
319 645
224 511
440 528
459 526
605 251
391 390
403 411
744 606
303 591
492 342
696 616
632 646
781 340
438 497
311 469
589 444
318 525
358 517
368 386
445 266
163 337
603 590
253 488
437 586
471 629
422 163
451 362
260 262
515 216
433 596
318 251
402 408
307 637
208 508
291 353
628 440
637 425
600 379
622 181
448 163
277 582
411 411
549 561
230 420
223 163
178 163
324 478
247 519
311 637
163 425
637 398
346 508
681 522
487 196
499 458
456 499
571 559
497 279
619 351
597 490
321 535
301 349
739 747
186 139
493 230
534 172
637 478
138 517
478 632
406 351
192 549
497 601
371 438
404 492
662 463
444 203
337 245
516 217
427 584
474 325
623 244
504 522
372 225
424 386
243 481
214 478
133 331
533 341
290 631
447 65
396 653
262 105
509 479
279 439
361 513
655 179
249 745
602 409
247 549
733 425
417 364
723 356
321 647
273 781
251 469
44 159
519 566
479 233
186 372
477 419
303 590
403 212
469 687
202 286
444 193
433 66
403 342
326 549
626 392
256 163
609 272
610 768
516 316
168 175
629 390
280 544
147 268
360 258
588 320
222 568
324 602
325 171
343 556
391 343
627 338
434 476
388 637
395 328
445 87
163 288
168 163
321 436
321 412
524 251
364 203
694 637
334 307
478 502
503 319
147 542
750 333
560 81
439 330
301 501
582 587
480 363
62 434
382 352
260 260
412 488
615 631
517 413
327 212
410 261
463 406
26 374
356 322
525 448
531 473
203 357
336 664
347 387
447 193
331 390
229 357
723 344
335 716
362 533
273 483
163 428
448 330
429 466
355 523
316 479
312 106
464 507
113 697
601 314
349 99
143 273
247 665
453 362
697 439
163 614
421 186
407 290
212 499
553 555
637 223
573 298
561 557
433 549
600 41
305 420
394 406
285 291
743 129
470 534
544 280
270 216
567 109
211 579
132 476
387 393
297 402
248 584
344 474
528 345
498 571
364 552
519 468
396 554
410 241
462 262
283 272
579 473
367 238
428 68
517 439
169 673
258 352
276 339
203 546
459 392
470 301
127 346
390 305
428 239
220 435
248 406
213 764
577 510
573 363
265 312
526 448
404 287
463 528
174 527
360 163
203 271
175 566
403 619
385 637
412 422
586 201
163 469
587 361
543 271
291 291
695 321
420 215
330 372
244 637
425 422
342 358
300 532
481 168
469 614
410 243
384 243
192 521
255 218
693 372
441 130
437 163
649 491
528 558
277 84
405 464
637 183
429 468
264 163
581 496
540 653
237 79
634 253
325 163
458 466
178 495
489 497
314 631
488 291
712 65
355 475
610 328
418 569
288 480
497 560
374 271
558 366
597 163
251 104
472 662
520 375
310 637
455 296
351 169
579 550
350 288
436 393
385 453
202 502
625 605
270 242
666 469
577 569
206 364
313 463
233 339
493 163
121 91
267 163
503 235
309 307
495 363
519 188
512 217
523 118
163 530
489 556
324 335
316 459
324 637
666 369
479 566
589 510
297 291
181 406
270 385
588 209
506 450
673 401
389 569
503 544
136 453
677 187
169 307
356 724
409 499
385 124
561 125
374 77
538 259
498 431
616 355
203 438
14 172
169 503
556 637
320 381
134 79
192 557
379 321
281 235
279 415
670 333
498 329
181 523
218 163
759 323
461 220
361 536
427 217
395 270
430 198
538 641
410 163
228 222
317 759
448 333
284 719
557 400
276 314
764 453
427 535
614 378
353 350
526 425
355 577
360 330
81 581
317 547
412 365
250 566
46 420
229 76
243 347
368 249
326 163
558 519
437 349
277 680
307 393
339 624
419 231
632 362
481 291
243 333
462 206
288 82
240 309
247 163
587 206
421 412
632 366
499 256
233 212
305 617
296 525
86 441
637 458
440 512
383 292
394 509
188 515
184 457
274 351
566 234
618 606
211 375
413 606
385 163
547 349
454 316
163 448
325 444
352 457
470 467
329 370
425 200
350 338
244 399
462 444
478 522
217 375
657 522
266 540
709 618
367 321
608 637
285 234
637 317
336 400
163 439
445 196
349 304
212 492
540 417
415 250
317 285
353 645
340 533
452 487
471 552
390 89
203 328
421 329
668 573
476 608
546 95
581 456
163 430
439 198
778 383
353 187
570 266
361 389
637 441
509 384
458 124
412 508
476 337
647 214
342 393
338 360
671 441
508 628
471 264
607 242
663 178
637 443
385 200
355 180
383 303
314 454
236 427
163 699
367 465
593 415
462 442
542 370
324 425
734 595
418 539
637 347
571 489
463 407
453 383
325 133
357 596
547 163
298 470
317 335
606 564
210 335
624 518
100 443
159 163
591 205
438 740
163 454
246 507
278 637
239 402
163 157
637 436
235 163
476 483
590 160
612 469
217 520
645 312
192 397
155 340
376 637
323 321
201 296
200 338
406 349
333 491
427 251
461 443
408 512
260 400
370 341
487 437
395 434
146 492
637 663
564 635
501 569
496 370
251 248
163 338
363 278
761 416
402 315
318 546
441 447
524 252
488 618
637 190
251 481
598 435
557 228
279 426
45 166
304 62
336 615
217 330
641 368
428 664
312 312
221 418
466 575
117 627
637 460
603 551
327 546
276 430
467 423
417 259
483 344
451 584
401 49
489 314
284 276
462 349
530 283
555 612
406 378
161 382
425 550
211 430
376 533
318 430
725 60
637 461
303 555
389 637
523 360
245 414
380 637
106 533
428 646
462 488
604 532
429 372
438 710
534 208
443 625
227 163
82 462
246 427
147 453
163 511
513 275
197 163
305 255
672 405
478 707
490 373
383 480
344 703
181 339
400 257
675 424
553 411
176 241
269 318
262 337
551 437
369 567
431 331
325 268
382 259
303 263
314 264
583 208
218 404
531 373
387 138
254 637
202 602
430 470
345 637
409 218
581 357
415 372
353 523
232 249
396 180
584 307
373 630
264 313
321 109
307 382
282 428
571 432
702 249
339 632
548 574
220 481
389 618
578 324
353 449
431 273
597 616
526 533
539 501
587 323
691 502
379 228
336 663
447 502
610 266
248 248
343 185
480 221
476 249
338 606
602 313
125 508
519 248
544 637
433 433
345 291
516 275
209 572
428 579
426 582
637 430
292 146
279 165
703 643
491 587
594 222
382 327
467 527
324 333
731 284
306 517
246 404
764 370
533 461
29 386
115 296
545 526
324 291
123 166
388 226
548 163
397 560
637 277
589 357
340 470
412 175
637 403
354 349
190 385
550 256
448 158
107 637
668 511
256 189
557 499
637 408
537 608
379 182
306 335
368 621
369 637
107 306
661 273
473 159
512 188
314 532
203 495
250 208
476 750
726 379
361 459
319 295
389 476
399 277
533 287
299 299
617 565
298 50
217 313
247 451
582 458
308 349
306 395
620 474
198 235
594 264
594 297
383 417
628 664
451 549
567 279
391 409
94 397
254 447
251 457
634 298
218 384
395 393
403 226
733 369
447 332
630 64
484 612
357 357
225 281
427 40
433 479
329 503
87 398
615 377
198 28
126 527
346 255
121 364
313 361
333 486
419 465
413 241
606 317
270 682
272 182
392 307
357 352
273 252
166 470
623 553
344 163
479 299
205 430
419 487
465 218
281 192
565 427
507 453
419 321
515 630
399 471
573 474
235 482
311 609
321 512
451 267
373 347
498 133
364 655
262 212
456 561
281 273
586 378
348 197
413 616
165 298
480 402
331 617
376 478
429 163
574 432
741 474
295 475
370 218
253 411
400 641
52 206
356 377
464 214
624 480
472 535
637 350
255 357
490 155
442 328
339 497
377 321
290 323
286 301
44 374
246 278
304 263
123 477
697 302
353 338
622 520
269 445
455 94
550 630
409 488
454 558
511 60
254 264
322 547
610 436
167 321
194 465
499 291
186 637
637 252
588 499
69 429
603 520
618 402
541 203
330 39
588 483
345 327
250 379
266 245
545 359
463 494
327 280
176 367
259 411
452 297
179 78
50 433
699 454
166 478
435 477
510 168
571 376
534 213
252 216
469 637
293 167
526 507
526 432
332 593
225 219
395 573
525 388
326 576
188 471
185 674
296 381
395 287
578 268
525 365
533 478
456 321
343 221
438 262
76 450
482 186
600 533
550 383
532 637
495 389
163 327
355 188
227 343
547 401
248 637
166 432
760 602
409 281
353 399
507 537
154 520
538 163
419 374
367 281
581 328
233 566
271 555
340 425
521 584
629 478
198 350
429 371
342 299
378 538
333 543
405 552
343 698
606 733
219 512
114 396
473 396
191 347
84 693
415 257
327 310
285 437
604 555
560 468
271 449
613 473
416 215
509 442
397 637
357 453
542 656
419 579
696 301
418 242
166 418
319 322
521 345
731 400
303 604
258 313
212 560
449 408
480 234
422 656
757 489
328 547
266 163
470 83
464 97
108 163
303 311
163 341
633 252
488 691
679 103
512 322
546 189
450 313
398 420
707 794
423 484
381 530
669 511
578 410
155 163
299 419
737 711
476 254
163 457
183 240
691 342
393 288
468 244
637 314
377 339
503 166
444 437
353 254
204 695
433 457
371 164
228 383
496 153
171 451
407 431
618 632
371 529
247 563
395 404
547 410
610 389
156 416
637 559
501 258
522 364
276 477
321 177
280 637
237 404
539 536
572 698
426 606
32 284
578 214
182 489
235 554
423 720
570 540
260 467
289 163
458 502
475 219
472 241
332 481
313 99
215 224
170 463
527 377
220 406
373 572
195 308
647 166
254 170
388 317
519 260
477 246
457 175
350 391
98 436
615 321
343 377
420 283
214 440
239 637
791 575
471 140
258 504
325 451
368 615
304 352
404 418
78 354
301 686
592 419
308 492
301 381
360 434
192 503
464 493
524 389
443 637
414 470
51 616
404 604
604 263
665 586
575 360
370 558
581 368
380 190
637 484
271 317
216 531
321 398
494 277
321 579
214 329
427 355
618 368
163 362
323 163
627 268
249 36
630 443
393 125
192 249
295 311
304 484
406 207
698 355
606 357
414 572
535 546
253 770
480 236
599 532
395 25
338 437
625 120
603 163
360 222
524 359
284 541
325 674
545 219
257 637
394 583
583 241
318 385
391 620
106 433
197 412
287 231
452 181
550 279
382 148
637 481
543 323
569 163
504 399
233 508
270 588
300 491
87 637
693 409
557 302
341 286
195 332
407 344
359 619
480 191
605 417
409 479
717 284
562 393
325 495
549 514
473 694
258 698
475 272
163 156
689 637
534 233
208 208
225 308
231 357
295 635
246 540
303 366
290 488
506 33
525 548
679 402
451 777
463 522
621 321
439 581
122 247
134 473
279 331
502 577
163 304
126 9
173 347
226 370
662 411
105 163
450 397
196 265
330 419
305 407
178 472
320 574
708 383
338 634
435 496
563 451
543 191
413 341
109 310
467 417
194 604
605 605
303 196
54 342
325 637
471 390
637 294
410 555
327 744
556 518
62 471
325 308
553 286
405 249
372 590
489 645
321 333
542 203
446 364
217 234
624 477
387 473
685 486
55 371
545 542
311 189
473 484
433 595
340 345
633 383
325 242
459 447
625 619
128 513
498 291
279 294
442 510
498 398
359 163
530 568
356 665
454 637
255 660
582 370
438 708
430 150
440 248
479 469
418 324
505 347
708 473
404 627
670 163
469 330
615 184
637 411
625 374
321 241
325 483
239 227
631 459
231 536
76 454
347 382
407 602
563 306
529 437
433 449
497 539
473 265
379 484
388 72
186 81
614 456
562 610
297 384
452 323
388 423
553 395
163 339
163 510
399 420
494 580
565 407
372 243
318 686
288 561
305 354
637 537
423 163
448 374
310 656
402 477
91 288
346 381
380 524
286 493
689 348
194 249
637 351
787 629
360 666
375 163
426 259
563 426
273 163
429 173
163 352
363 275
449 699
163 543
286 355
320 186
244 597
122 526
665 311
202 291
133 506
397 58
617 435
420 119
368 147
533 303
292 349
720 390
219 563
338 391
541 637
558 527
543 163
619 344
320 205
236 708
292 278
288 422
616 467
545 412
376 398
163 212
483 195
114 701
310 498
537 403
396 345
644 478
335 133
336 610
471 334
294 397
330 451
20 402
563 605
144 282
159 448
49 736
270 400
476 178
468 343
393 218
722 167
252 509
505 575
637 286
280 328
372 500
617 264
583 374
637 72
604 427
539 224
215 215
785 525
358 233
538 468
429 408
442 287
449 197
383 218
500 513
529 494
256 583
509 597
506 451
288 477
126 481
331 507
222 397
456 206
320 320
710 439
492 531
758 532
251 251
637 582
237 610
345 618
284 386
737 544
637 490
583 398
222 372
383 636
454 408
509 402
548 548
227 567
266 250
679 509
533 329
256 401
211 196
302 385
476 193
265 441
574 159
253 513
373 490
293 118
350 459
416 541
437 493
520 665
341 557
395 448
327 390
254 497
373 297
532 312
421 429
577 539
391 650
163 357
377 309
270 659
493 559
306 311
219 609
443 285
176 200
366 163
300 547
326 664
179 387
476 317
221 512
230 299
645 409
453 481
487 260
583 20
259 153
493 333
509 637
294 456
205 382
344 248
106 271
272 555
549 218
320 596
217 418
339 339
697 271
163 550
377 377
517 517
304 420
353 614
247 443
433 171
115 7
472 401
648 401
385 754
517 683
606 397
385 473
637 284
312 409
343 468
385 524
87 369
246 228
276 439
193 362
229 611
90 248
518 360
33 402
294 773
234 415
387 342
704 338
331 321
637 541
571 557
145 315
430 290
576 378
469 427
742 163
595 478
637 591
368 446
414 256
432 61
200 397
282 339
471 294
282 483
560 439
306 634
454 309
113 365
485 52
422 312
608 450
637 568
337 543
343 68
656 646
348 673
353 192
637 429
358 376
426 463
588 557
178 368
219 369
348 597
436 455
354 272
522 583
408 498
522 578
488 377
241 479
441 682
352 573
303 528
253 340
311 352
203 769
225 414
669 453
597 300
180 292
665 468
379 537
417 637
268 105
484 349
393 471
746 588
566 90
637 293
121 163
312 542
405 105
293 392
682 400
163 365
127 361
483 439
567 479
542 700
287 297
509 356
317 177
755 181
428 133
555 508
596 145
593 564
432 441
467 173
558 261
388 611
543 405
176 415
535 339
637 459
277 251
753 330
294 453
370 623
389 547
239 285
203 412
368 231
200 115
72 389
507 589
450 521
443 601
559 491
202 513
735 457
235 180
333 480
213 429
390 468
668 730
234 410
397 555
624 559
254 504
373 538
105 258
415 509
381 517
537 222
418 339
433 367
453 480
452 577
289 368
499 310
504 202
178 254
171 22
79 394
428 263
607 350
322 164
398 515
221 433
201 496
512 323
245 637
474 363
434 278
637 634
333 181
315 629
203 301
273 506
647 282
299 245
543 632
403 505
617 388
163 524
242 712
522 285
127 437
169 163
690 444
503 377
101 438
371 637
337 459
40 42
479 419
240 618
502 621
615 273
397 526
435 123
424 85
356 458
467 625
642 315
473 279
389 660
400 750
559 227
555 543
197 562
253 334
478 317
787 379
355 365
321 611
579 349
241 543
395 457
351 204
547 551
794 357
443 269
423 6
418 430
615 334
164 403
255 350
361 161
399 398
163 295
465 458
107 466
366 424
213 321
433 529
291 249
431 523
10 163
201 388
506 350
218 565
447 158
594 294
163 547
519 666
439 55
576 414
538 202
476 381
450 369
311 530
496 162
517 619
200 371
220 108
373 531
485 177
504 434
743 290
224 479
412 550
63 379
460 201
709 549
427 505
258 384
225 304
65 464
485 513
262 385
181 331
427 416
214 587
687 493
424 497
578 566
461 667
163 394
491 306
399 225
326 285
400 240
380 246
360 360
345 421
270 286
163 588
231 410
311 611
483 493
306 380
321 703
643 397
318 585
441 248
759 300
163 584
382 345
256 338
163 245
406 173
521 279
163 372
184 504
522 263
474 327
791 79
349 399
457 46
178 148
403 763
526 136
397 178
567 760
325 404
563 361
547 469
564 235
412 244
304 402
532 374
163 435
387 341
421 421
614 297
253 450
438 357
515 637
473 309
277 399
163 323
190 527
253 337
101 348
469 354
246 256
596 781
362 706
363 446
265 248
520 425
648 352
457 265
454 155
637 457
327 424
398 455
451 254
382 498
586 239
276 437
398 444
519 426
163 426
379 260
146 526
517 622
263 321
573 493
498 572
424 362
334 506
717 448
563 392
631 616
479 442
262 242
228 271
482 637
301 402
220 239
277 452
713 65
448 604
293 348
237 201
491 465
307 519
478 465
172 387
321 442
432 395
370 607
329 391
530 473
274 287
180 436
440 517
245 516
455 218
544 554
302 463
466 163
624 485
629 746
223 418
523 214
415 269
444 552
637 524
349 581
410 276
395 172
257 324
463 181
658 194
486 182
382 535
621 475
623 349
317 349
327 391
281 621
141 344
191 523
272 569
352 506
200 577
112 529
464 539
350 469
700 579
163 533
120 289
305 405
327 366
412 478
635 643
569 630
278 541
458 578
177 218
80 637
321 224
345 552
575 447
578 609
165 421
376 452
543 236
481 98
208 483
336 232
586 193
639 205
440 124
91 603
653 426
166 436
369 555
42 235
377 445
348 475
451 482
354 467
419 66
633 182
446 84
641 237
398 454
257 301
338 303
129 342
312 602
233 277
471 170
370 413
252 252
726 246
201 462
707 309
637 446
257 328
90 382
410 178
54 286
365 411
685 639
591 312
209 250
352 662
339 460
172 378
203 395
419 512
357 246
368 648
370 546
318 637
477 541
85 480
240 156
422 407
302 436
521 432
301 459
523 660
523 561
379 25
163 224
289 658
246 458
472 683
471 218
610 198
411 594
163 398
163 416
596 754
451 136
637 583
353 201
321 329
42 624
611 435
259 540
247 354
243 426
321 562
327 268
165 583
647 304
540 390
387 713
392 428
92 234
497 492
350 10
657 297
296 442
557 600
312 689
476 358
497 353
565 439
332 482
318 367
361 471
528 420
692 334
269 467
390 270
296 259
133 443
691 449
464 481
292 469
570 188
397 490
180 270
509 379
163 85
555 402
442 478
343 298
468 312
629 534
212 327
268 362
387 550
444 123
356 382
380 386
360 637
187 440
339 302
122 513
208 291
424 255
373 332
395 403
92 355
289 255
418 221
353 552
155 587
352 380
81 394
206 530
349 530
325 226
202 282
336 332
447 493
244 514
424 435
135 586
116 323
469 263
419 419
579 548
470 375
261 278
549 730
391 339
549 408
390 422
95 318
464 647
163 447
298 333
388 527
561 264
448 511
237 122
389 276
483 177
479 556
542 522
625 523
688 432
448 596
343 429
317 475
603 196
254 371
365 382
284 606
472 281
372 716
98 256
392 434
290 154
323 262
323 99
446 257
691 475
329 554
436 41
605 372
491 414
341 505
228 323
395 119
389 643
325 247
350 621
383 637
486 471
459 317
637 32
256 490
175 345
428 163
321 575
484 104
459 184
403 346
240 561
447 541
163 233
475 291
380 195
552 521
329 242
496 639
633 453
658 393
455 244
522 180
732 449
156 460
552 309
565 403
152 439
463 77
266 341
413 228
530 454
113 385
442 274
122 377
106 82
293 302
315 499
125 637
182 552
637 319
371 449
145 308
408 163
365 539
597 208
455 468
372 685
534 418
398 135
513 386
376 186
476 163
260 347
341 381
318 382
510 447
291 424
167 493
203 163
338 619
120 478
285 656
600 277
619 479
637 266
269 637
472 414
440 275
597 546
304 163
254 360
227 366
162 431
478 574
605 257
608 440
163 675
327 439
306 438
327 340
336 251
289 326
476 340
214 101
623 260
196 466
513 639
457 457
177 307
581 583
293 630
650 524
211 554
193 163
418 325
458 334
677 280
371 217
526 637
422 438
511 547
514 644
465 608
716 332
367 128
321 414
421 627
382 403
300 269
425 138
486 553
191 482
651 414
200 185
519 791
263 35
616 517
503 455
473 244
434 474
405 68
407 614
361 350
333 341
385 536
313 420
454 163
375 548
555 437
754 637
309 186
338 645
409 640
365 409
776 121
433 303
590 355
326 357
392 233
655 568
571 163
597 387
479 456
178 505
134 561
449 243
424 422
288 326
497 270
466 177
170 380
427 332
634 310
200 619
237 395
422 159
507 373
424 330
388 163
354 423
442 286
521 300
466 394
603 587
325 283
228 267
694 400
312 310
513 637
163 415
333 652
221 318
281 329
230 615
132 637
617 442
351 354
299 637
562 294
365 354
746 397
239 506
329 244
516 572
427 277
550 606
111 441
519 634
295 758
410 359
637 304
510 251
157 392
368 541
328 494
508 537
212 495
473 243
593 247
188 363
518 589
595 296
316 281
421 376
297 708
494 479
409 147
495 350
742 206
564 509
238 163
562 425
153 545
637 341
290 373
573 179
279 473
530 563
355 303
415 384
637 507
447 413
317 678
637 278
583 204
433 407
79 334
396 205
697 426
428 501
638 289
309 394
302 494
366 525
591 350
163 438
385 616
344 637
323 300
540 265
163 42
596 419
631 265
637 337
299 92
491 279
268 476
775 470
320 326
406 86
365 430
331 160
384 384
637 471
231 374
359 514
473 665
279 583
611 378
664 637
740 429
426 489
253 538
498 754
461 455
298 637
578 620
196 140
427 321
419 355
598 205
265 308
267 690
368 273
287 576
397 646
570 264
531 479
491 781
350 532
588 423
501 182
420 242
396 550
468 301
384 515
219 246
506 292
297 519
293 333
481 393
392 238
496 320
250 246
339 603
572 572
582 400
211 325
366 524
244 278
712 334
133 259
416 678
614 511
178 417
368 588
240 416
163 476
22 619
334 469
242 367
637 503
122 344
457 209
526 281
420 537
110 387
384 192
549 204
637 513
637 200
238 268
621 545
319 122
277 430
327 253
275 433
395 263
549 391
163 501
204 285
143 451
161 330
512 390
229 196
67 231
288 276
393 474
457 208
224 376
552 453
5 795
290 35
234 392
318 281
265 550
169 380
619 596
604 467
433 461
308 386
234 280
742 591
178 109
369 211
393 251
510 530
352 363
168 506
198 348
382 129
73 398
109 301
210 481
605 320
409 182
298 418
477 137
393 689
579 260
532 321
263 771
219 422
418 178
455 582
642 454
578 545
547 463
485 759
683 606
745 438
163 604
311 54
349 251
602 734
577 48
731 165
474 692
267 411
562 776
279 585
345 449
410 435
608 280
308 150
289 283
222 296
445 632
378 400
420 336
163 390
540 321
262 367
218 243
637 313
301 674
173 637
300 341
488 162
637 511
481 619
275 193
595 328
341 187
434 319
76 491
396 763
302 453
490 313
275 358
419 472
104 163
243 269
411 515
486 289
233 630
321 469
479 535
213 550
496 417
772 383
156 390
569 531
545 324
191 632
403 659
678 713
499 153
369 421
553 548
454 341
499 608
735 527
678 318
283 377
321 296
554 612
483 255
163 496
610 429
274 179
409 209
503 599
567 139
170 245
302 337
622 464
434 544
268 344
255 386
590 361
469 671
257 320
498 325
347 515
403 400
376 495
460 584
416 343
89 403
265 468
146 465
170 462
252 520
412 24
213 369
492 450
357 337
304 314
585 316
574 306
319 243
573 637
527 457
695 344
179 463
131 505
339 314
342 424
637 435
629 371
499 551
136 294
303 407
272 211
349 459
512 319
559 269
442 489
169 788
333 391
163 125
564 724
52 375
750 251
527 505
433 322
674 266
544 213
609 355
482 163
439 662
642 541
535 440
412 321
545 265
629 248
130 445
405 88
361 604
402 14
356 749
321 499
335 369
252 276
494 257
163 359
382 644
213 361
479 351
550 412
488 321
456 521
163 344
473 573
631 468
484 163
498 340
224 254
587 332
201 218
224 487
115 163
316 335
445 163
19 193
522 377
508 278
137 24
163 575
571 679
163 635
436 565
462 161
40 163
498 553
284 218
163 381
390 196
338 302
580 61
676 637
321 338
372 154
656 397
518 163
360 461
624 543
180 604
376 294
484 531
211 472
351 187
100 639
592 294
637 364
637 466
397 324
487 393
622 210
394 355
220 196
134 507
375 381
294 198
501 346
285 127
307 316
230 537
210 350
398 59
528 441
350 503
288 637
720 674
369 172
317 488
754 404
407 637
257 494
222 293
445 639
321 529
14 394
566 580
177 329
571 490
71 478
516 627
345 721
644 486
521 336
417 295
98 637
511 532
259 462
607 386
482 474
416 120
414 752
648 637
388 432
420 366
585 324
320 151
408 295
94 421
344 600
426 650
385 261
562 465
609 107
190 526
117 540
360 335
531 333
347 370
542 260
163 363
684 334
310 628
397 203
82 422
505 301
467 562
71 204
473 420
243 214
171 497
550 477
687 542
637 274
53 446
237 589
340 594
527 302
419 545
206 468
473 461
475 618
292 637
340 570
588 137
351 509
313 190
150 494
228 309
270 44
620 502
482 396
163 216
388 396
470 604
761 690
380 287
649 389
299 460
380 255
285 787
462 282
165 485
651 267
342 389
266 257
558 400
496 582
435 479
523 619
519 656
395 608
321 479
392 400
298 163
322 428
430 430
286 601
455 502
295 316
310 274
381 163
480 410
579 283
364 227
303 401
392 207
531 240
547 597
570 434
294 479
554 705
637 247
248 181
309 125
364 396
391 531
384 101
163 581
317 392
598 411
445 406
429 593
452 494
496 338
277 527
255 504
242 245
293 463
355 163
405 279
408 147
398 212
400 452
612 713
163 618
345 380
350 320
451 190
297 610
583 514
417 263
413 486
583 479
163 451
418 186
493 196
496 448
366 778
322 383
518 605
224 603
506 284
651 398
321 427
344 502
392 555
275 278
637 39
212 471
265 479
721 380
163 455
619 247
163 257
530 424
385 367
637 306
176 500
60 637
637 542
248 321
637 528
644 363
173 217
301 621
291 466
582 362
455 392
569 171
541 416
517 354
187 268
251 625
637 335
441 241
524 445
551 576
334 221
680 299
411 603
411 221
490 241
542 384
390 385
463 637
601 541
368 417
181 455
560 412
482 503
383 449
476 305
219 637
605 567
421 227
163 468
549 249
313 519
539 304
263 379
434 462
743 357
597 276
429 188
305 336
657 440
330 53
517 571
619 411
351 443
296 383
275 366
637 615
368 222
353 373
457 490
261 203
421 283
369 546
323 577
245 289
181 352
279 237
383 209
565 392
294 410
474 483
422 533
574 433
98 328
95 332
567 290
453 148
330 163
420 491
181 565
193 306
402 11
166 271
132 580
501 638
360 182
256 379
473 721
393 721
253 182
354 526
302 422
204 487
451 394
663 369
633 326
486 637
234 385
533 739
430 527
259 341
285 255
618 462
783 637
514 163
461 546
585 433
247 321
322 257
511 404
258 435
365 589
416 161
548 360
418 352
303 478
226 454
138 188
374 583
168 390
215 326
407 439
416 637
438 171
391 300
163 412
324 490
346 341
455 410
637 452
163 303
791 427
225 433
584 551
630 571
56 637
488 311
322 637
794 469
163 519
495 462
446 221
472 444
410 365
637 428
594 271
290 605
533 167
459 503
346 361
444 382
128 719
398 126
246 208
310 508
321 243
193 321
480 631
479 633
547 582
324 672
243 371
357 628
335 86
220 593
347 310
592 477
229 457
204 625
402 219
698 320
251 359
439 148
400 241
16 362
309 717
290 240
281 518
683 710
530 301
628 455
672 446
385 23
486 595
176 487
429 231
362 416
529 329
485 637
284 144
402 170
296 356
479 413
404 374
265 204
210 351
596 480
600 163
141 617
448 190
273 443
118 139
728 431
410 385
426 441
445 628
437 343
462 469
319 478
437 682
462 575
39 391
406 272
434 163
472 340
410 337
361 404
357 423
271 637
10 554
433 637
389 478
90 625
570 461
382 114
270 485
609 429
338 438
348 527
117 497
337 568
242 631
507 328
163 722
241 586
657 525
385 561
321 320
637 42
358 382
331 220
567 273
441 324
637 483
395 134
112 513
394 310
285 163
518 425
118 88
340 320
336 581
648 348
308 312
414 527
603 228
637 155
729 555
741 176
322 682
482 553
277 201
185 456
570 541
469 676
534 431
511 323
163 474
192 395
122 349
351 608
250 179
250 163
475 635
493 525
527 167
613 268
294 536
517 643
598 574
402 124
12 287
171 452
397 285
321 443
197 756
191 346
437 270
438 196
236 444
268 125
405 359
74 221
380 535
163 418
485 499
549 264
423 515
222 494
286 297
637 308
416 97
374 288
576 679
298 501
337 350
200 233
518 211
444 394
471 403
392 459
316 105
502 336
307 359
251 73
635 426
578 225
624 17
228 512
479 206
385 483
586 480
221 281
362 673
456 298
38 599
429 279
224 209
412 352
291 456
181 48
267 353
609 229
260 519
451 285
405 289
74 171
385 185
230 524
403 238
201 325
281 366
249 261
589 317
277 412
536 199
278 691
258 408
390 291
460 181
570 714
471 398
738 127
626 462
381 255
249 347
478 216
345 388
241 215
420 394
35 353
584 571
468 276
272 706
326 168
354 359
231 498
321 513
121 411
238 237
505 368
257 521
321 293
311 531
88 187
355 592
352 587
776 721
271 616
533 358
756 641
501 352
515 658
476 484
172 402
211 303
318 174
342 723
580 595
437 256
601 331
433 613
251 499
208 354
467 637
353 669
337 163
413 255
379 82
437 454
165 498
538 537
436 189
179 419
287 466
174 452
377 129
188 592
503 503
224 610
593 521
423 265
637 253
334 468
221 454
555 625
340 606
436 469
465 157
454 254
340 538
485 557
403 518
472 606
372 468
187 384
302 637
405 72
265 606
240 400
196 308
739 568
448 352
475 105
510 402
572 369
332 443
776 416
285 439
559 225
207 305
418 624
507 195
552 208
491 341
397 404
478 121
78 483
546 438
285 611
326 333
592 406
241 297
660 437
319 234
445 681
303 632
531 438
394 290
523 324
514 118
389 163
163 540
219 471
685 382
214 427
306 637
649 341
218 622
367 384
512 306
266 360
630 248
427 462
276 365
298 589
219 400
389 285
508 685
384 44
206 749
479 544
417 418
378 587
539 397
271 635
400 171
220 219
73 355
402 318
380 619
416 488
286 671
617 483
248 385
472 583
473 393
240 401
554 558
389 437
509 400
335 479
280 540
572 666
634 474
157 456
93 443
163 298
199 386
415 106
245 314
553 393
283 287
208 637
265 424
198 17
505 300
228 349
239 279
456 460
338 245
637 15
126 163
447 412
259 98
106 516
606 485
351 591
371 555
380 568
407 476
70 266
700 470
285 361
394 462
439 663
110 423
200 243
356 522
554 194
360 520
409 607
392 247
418 572
584 409
170 494
331 444
567 409
635 617
713 635
739 426
272 639
479 278
428 529
260 455
227 620
537 123
297 468
741 215
279 374
287 370
386 626
411 240
163 380
361 237
136 116
340 335
550 542
429 347
329 239
568 492
262 181
460 163
366 266
682 326
96 198
603 233
578 331
367 209
714 377
667 629
625 382
190 418
229 320
386 317
485 605
533 436
586 332
472 500
424 266
790 130
474 528
499 611
555 321
570 355
612 454
442 315
564 722
158 450
298 310
480 252
146 237
370 230
464 536
439 544
669 185
295 423
578 533
554 467
703 426
592 583
300 418
480 150
376 420
476 481
316 518
546 396
479 164
537 355
420 189
307 254
259 231
429 212
290 466
317 405
587 731
343 239
501 319
305 652
481 657
400 353
331 282
314 319
601 347
564 430
708 171
478 198
404 283
221 207
675 513
444 60
441 395
416 479
47 265
366 315
597 718
356 316
211 501
85 441
327 259
150 426
124 280
200 536
546 122
309 541
522 348
337 82
375 290
637 553
425 543
353 270
386 500
614 343
268 265
478 215
419 407
327 440
95 506
291 331
544 413
529 269
438 730
415 230
324 326
433 666
377 476
387 231
515 349
235 534
543 420
615 511
538 538
538 458
571 562
637 370
518 411
95 637
354 528
578 379
171 311
289 398
513 504
637 330
10 597
555 175
551 363
204 266
423 304
585 163
147 355
317 163
783 224
323 449
456 161
358 183
574 245
242 484
313 455
496 555
344 106
425 267
163 525
571 426
384 573
225 589
443 486
334 171
194 312
379 452
470 553
358 317
339 427
406 617
345 278
265 627
360 321
267 466
683 200
717 411
345 674
504 628
382 637
69 483
637 619
314 120
536 594
463 436
240 306
448 373
626 533
449 604
426 502
551 564
192 430
264 202
448 432
340 619
234 525
330 517
427 684
55 104
385 410
518 436
602 163
709 458
387 307
408 622
396 404
497 536
100 322
627 372
177 326
412 639
483 470
416 195
462 261
534 720
533 20
79 359
519 483
473 281
341 334
241 191
336 717
567 341
239 486
780 603
163 311
233 265
42 369
585 575
261 251
442 667
258 438
163 574
126 377
67 201
517 215
384 64
583 189
524 433
537 395
590 198
432 388
423 305
594 436
318 256
407 253
492 453
92 145
218 427
164 572
412 698
632 530
262 422
200 218
249 619
663 332
381 518
144 534
661 354
339 350
637 244
415 632
407 500
523 237
549 645
223 547
619 468
163 442
116 284
474 395
304 275
614 329
494 652
434 750
368 502
574 226
381 164
479 609
621 573
137 650
406 545
285 207
481 230
433 206
205 219
188 281
163 621
163 319
612 249
548 547
471 492
545 414
426 541
434 434
486 299
455 591
568 550
499 480
69 236
564 317
367 478
508 449
294 328
372 570
498 628
392 315
84 258
545 574
312 679
530 129
450 294
351 585
430 697
60 290
573 397
577 262
399 392
295 501
376 249
387 388
155 266
203 420
372 444
167 371
405 388
507 349
460 544
523 434
275 506
439 616
229 633
238 575
504 163
481 519
623 689
694 163
179 415
450 637
508 236
417 192
543 330
439 518
164 546
163 10
637 473
199 359
522 366
412 286
10 631
104 319
345 251
355 246
327 228
344 595
283 334
153 346
461 512
635 493
531 393
398 199
582 483
356 210
402 637
364 455
254 416
228 514
389 532
637 427
349 263
571 478
634 792
346 139
524 403
405 687
228 530
700 652
711 382
407 766
61 455
202 281
331 235
608 458
202 163
320 473
244 519
477 486
486 757
556 10
215 398
518 636
519 215
207 377
329 331
560 334
261 637
725 298
128 385
370 400
321 408
335 591
316 674
586 262
407 187
729 392
419 262
634 732
219 522
214 488
407 755
604 476
415 402
383 310
252 377
234 341
282 359
431 424
450 230
229 426
448 293
445 613
254 539
370 408
452 502
305 163
430 237
289 268
737 564
348 691
479 232
192 303
189 299
782 633
499 180
372 475
527 565
384 727
178 335
338 672
466 443
204 606
454 215
355 458
531 299
188 269
671 293
465 494
431 475
163 118
409 82
539 516
516 614
479 517
378 156
39 394
253 153
510 193
500 500
281 403
186 661
263 556
313 163
431 160
179 465
118 226
609 479
163 495
316 393
451 112
469 363
315 533
564 544
333 410
174 406
31 374
471 705
478 289
231 777
588 494
385 692
373 604
504 270
289 531
316 262
362 13
479 440
399 786
484 376
538 452
637 530
461 435
350 255
39 417
506 239
544 423
630 344
517 430
574 594
573 568
202 479
295 580
584 741
350 447
243 571
682 178
736 529
637 338
401 420
136 271
269 586
174 332
144 204
312 637
743 637
241 324
395 78
556 158
385 226
591 233
169 472
511 459
216 479
311 163
146 647
202 444
423 280
423 257
293 382
145 527
625 548
467 326
337 612
407 483
374 169
230 441
424 577
382 565
237 502
527 82
393 612
302 240
87 356
353 591
219 186
514 205
387 171
394 478
647 342
444 308
563 443
598 324
456 166
635 515
340 666
434 629
606 338
553 301
220 440
442 163
266 501
384 634
442 420
428 582
650 731
294 245
265 466
339 389
427 669
119 269
384 528
428 371
587 451
401 277
321 646
448 308
475 245
696 509
474 477
584 436
535 191
193 410
249 285
229 609
637 450
319 674
293 327
281 379
535 235
321 268
397 297
588 342
520 387
541 378
414 417
634 163
169 560
394 557
267 642
233 344
225 246
579 504
544 341
576 507
202 637
307 157
422 388
495 276
420 500
442 681
228 392
752 432
366 180
199 425
182 243
339 340
284 130
424 711
334 98
557 300
634 599
203 426
489 619
195 114
472 746
181 510
402 260
366 329
522 509
554 566
615 581
343 637
12 478
406 163
496 163
529 540
195 505
561 163
460 460
353 57
363 498
637 388
234 379
685 277
340 453
398 213
476 368
337 399
434 193
163 462
141 259
196 479
196 354
319 481
365 386
686 528
58 395
664 338
569 33
604 214
628 244
521 679
282 585
661 558
60 370
529 415
532 435
188 375
489 230
330 402
573 489
262 534
770 509
241 496
451 391
453 463
459 498
331 283
450 416
414 74
114 340
97 301
412 359
317 151
335 480
647 395
306 584
84 513
294 533
498 146
579 374
570 260
273 275
333 294
192 257
457 313
351 637
429 770
414 362
226 438
145 401
478 552
485 230
277 437
238 524
196 687
289 514
277 616
351 163
629 555
415 314
360 281
654 438
593 394
450 276
469 253
503 317
506 440
536 282
560 455
368 287
275 288
495 413
164 446
322 49
525 409
410 380
739 751
339 248
77 543
379 322
352 637
537 486
417 416
565 506
478 488
386 491
298 284
355 738
683 467
246 249
321 632
484 472
309 332
535 649
351 488
340 526
682 278
363 97
632 548
301 522
535 377
577 180
548 482
407 258
637 355
411 359
623 419
427 240
455 637
503 632
378 475
310 431
412 240
288 163
251 43
502 620
268 175
528 336
147 177
506 477
447 566
448 286
297 344
454 84
231 278
116 525
403 130
446 511
163 260
560 625
487 645
539 614
481 609
347 364
387 624
329 637
637 622
21 413
749 386
399 525
406 113
231 637
736 386
500 418
291 118
114 484
499 509
363 281
223 291
435 463
385 13
185 559
245 170
602 216
444 179
423 284
332 671
420 316
766 410
368 731
270 637
322 544
163 261
289 335
249 618
399 675
308 447
39 413
534 534
550 317
713 623
636 343
478 647
211 284
278 315
374 412
236 163
388 666
36 336
526 235
635 724
321 431
188 611
621 253
342 333
310 433
460 242
733 384
313 305
408 115
533 238
472 229
439 354
344 526
610 186
372 164
281 541
364 264
299 110
341 309
236 619
243 320
345 241
660 27
586 433
394 247
546 388
195 230
343 301
718 570
105 393
573 396
436 594
272 396
505 238
360 361
502 455
280 180
212 559
281 161
405 310
610 417
202 466
173 653
356 354
693 221
622 232
275 612
308 400
525 432
548 585
526 506
212 28
256 579
231 266
274 585
90 490
520 163
621 298
423 212
491 219
433 163
467 273
561 449
210 252
720 406
689 268
361 463
763 605
424 612
278 514
440 279
489 198
311 563
166 667
445 625
660 524
331 481
342 500
667 405
309 355
648 391
362 637
155 603
348 293
583 615
48 205
317 241
57 342
393 476
316 513
316 310
716 400
105 435
105 191
664 314
590 469
439 163
439 482
365 582
355 269
480 364
287 163
373 47
458 429
391 296
718 339
163 592
335 295
184 163
174 431
285 495
405 214
400 314
298 424
268 241
401 352
312 502
589 360
597 746
390 354
447 306
56 371
564 568
633 380
393 384
631 239
451 438
341 321
215 409
285 515
222 567
316 644
512 309
163 282
459 340
435 681
76 390
220 391
203 377
305 508
200 200
386 627
88 403
622 637
448 520
651 445
631 620
255 607
512 201
96 368
637 421
372 269
556 326
513 438
293 637
183 434
