12000
365 224
441 497
161 551
206 469
422 134
318 610
377 442
523 252
165 534
350 419
351 322
644 438
313 359
405 287
229 350
617 625
51 240
365 250
477 308
95 431
184 145
198 359
419 388
413 517
345 676
737 503
110 284
522 204
459 548
430 94
215 162
368 457
409 376
505 540
56 388
173 211
332 88
386 288
408 383
362 596
72 250
732 299
644 511
490 244
629 532
164 381
128 495
512 317
354 495
661 539
391 447
334 223
238 640
544 485
216 649
287 304
154 318
635 343
229 524
647 261
193 324
436 644
298 148
281 408
562 158
83 174
462 368
70 321
288 324
201 378
464 272
412 437
173 483
289 381
337 139
136 286
351 678
543 129
18 382
571 623
338 356
174 435
389 626
601 171
369 83
562 105
313 367
583 539
95 452
428 308
448 513
214 315
560 595
223 404
286 310
433 316
306 641
436 427
417 358
669 132
169 484
377 441
189 621
56 268
182 615
400 462
444 505
378 567
373 676
207 371
319 636
645 375
729 569
192 419
256 525
405 489
635 552
303 687
70 336
510 448
343 369
655 121
353 358
206 404
623 670
182 569
401 668
581 283
370 757
415 355
267 654
500 361
564 399
396 210
393 132
694 588
627 357
652 196
590 626
496 74
299 483
281 349
352 260
469 387
231 49
312 422
348 565
562 364
429 528
546 162
81 502
482 745
50 543
401 603
718 483
590 334
130 493
456 405
303 196
87 246
399 188
131 621
291 493
480 468
325 447
445 645
191 307
353 483
223 317
425 529
461 663
303 176
247 591
640 305
390 168
110 140
348 301
545 224
155 357
326 563
264 180
531 575
282 500
481 502
777 369
515 376
54 567
463 466
546 548
62 267
383 259
496 405
384 545
412 299
650 537
626 111
279 589
486 207
133 218
543 182
305 507
493 504
406 365
386 200
199 301
606 266
345 453
605 356
498 325
530 63
31 293
617 330
356 580
307 541
338 159
398 494
596 237
438 523
311 531
226 632
329 258
332 195
296 499
563 420
688 356
263 358
587 558
597 357
708 389
644 346
617 624
485 350
394 372
410 651
511 488
422 521
82 532
417 25
279 193
544 589
536 417
319 661
129 335
639 530
295 284
347 603
100 385
456 9
99 568
431 285
506 537
168 546
398 195
415 504
442 389
316 516
512 316
380 485
251 596
288 177
253 610
413 335
432 287
526 541
570 570
148 529
407 264
511 224
477 397
643 520
352 757
364 306
281 765
564 219
201 595
756 324
327 301
220 584
398 599
200 368
191 235
306 375
232 414
359 341
291 411
47 517
247 91
562 265
422 329
450 726
531 275
283 777
122 379
507 256
719 495
325 192
254 530
494 476
783 359
300 661
320 440
430 363
542 294
462 256
314 704
618 194
394 5
675 362
656 500
530 425
378 327
646 150
734 393
367 570
561 437
614 597
10 467
719 252
211 467
346 222
375 408
331 479
287 431
519 603
310 439
535 190
471 426
293 698
479 299
462 191
118 446
417 274
656 446
653 668
307 243
536 756
255 361
50 285
111 548
447 692
220 274
647 495
198 574
555 612
345 408
462 631
256 253
604 360
249 553
225 522
374 164
182 330
430 70
479 414
454 537
341 534
500 726
103 440
162 327
405 509
292 372
509 499
384 258
250 553
431 601
579 536
403 155
45 300
613 507
464 245
404 449
558 343
311 62
529 419
729 480
594 525
308 283
336 528
361 294
435 398
385 412
202 564
245 243
275 397
589 321
246 116
548 552
495 620
108 180
380 754
264 334
597 403
511 93
540 651
209 72
709 399
153 368
473 366
684 389
441 380
460 158
571 674
399 382
472 344
527 370
418 677
262 550
37 521
547 365
446 162
610 422
243 559
181 431
528 251
232 308
27 427
266 614
508 384
287 195
438 607
504 148
37 398
242 608
297 669
324 211
462 617
281 545
506 454
196 332
406 153
263 565
200 371
758 259
482 189
598 116
301 535
595 88
76 367
496 468
759 498
585 568
318 779
337 456
386 345
756 277
301 201
280 367
431 438
350 398
469 296
637 471
355 580
84 301
307 378
767 369
592 429
586 354
264 510
523 581
259 463
358 300
434 393
264 598
324 250
688 532
150 306
534 742
644 277
778 474
57 560
445 201
135 368
720 557
423 400
491 340
489 453
457 50
204 585
372 445
681 254
111 265
224 91
475 440
381 291
435 355
499 624
532 91
691 380
490 562
115 357
386 674
485 496
699 423
306 278
583 185
546 613
162 423
444 462
280 515
393 350
582 219
370 564
577 430
444 486
182 236
278 122
311 483
630 470
425 462
392 456
234 396
464 567
692 471
452 624
330 366
347 166
437 319
496 541
576 362
280 358
404 323
557 323
259 437
498 373
72 385
516 446
138 541
517 380
519 444
727 441
578 570
568 291
570 716
94 216
552 358
308 430
280 733
409 345
307 189
390 124
137 183
293 484
291 251
508 292
430 284
509 174
378 779
278 460
332 361
463 675
224 691
626 497
319 281
322 394
94 311
493 389
441 347
516 493
404 267
123 432
436 764
225 347
473 301
542 398
292 126
591 259
324 274
145 255
470 263
504 561
280 260
388 487
683 205
529 166
270 700
506 670
430 781
549 688
155 292
329 471
442 659
246 235
302 239
377 576
597 270
271 403
376 363
171 80
453 200
308 167
416 112
568 332
160 683
483 296
267 302
311 213
137 565
304 481
61 474
649 301
275 609
197 237
556 101
324 219
62 335
688 367
257 445
536 379
240 287
143 484
568 522
240 299
374 241
315 677
233 103
317 543
264 407
649 260
573 548
382 181
542 356
447 310
283 298
164 599
127 614
417 250
439 406
572 204
680 528
444 474
398 329
593 190
360 671
41 489
404 305
357 485
420 402
176 563
382 312
559 567
463 199
259 195
560 159
407 294
294 445
353 514
451 274
282 667
281 324
576 516
540 446
488 330
404 572
404 387
102 263
155 628
707 280
563 328
571 468
490 390
142 335
230 330
313 324
385 340
514 197
438 434
31 383
495 317
461 299
182 520
193 154
669 431
385 220
597 123
303 633
483 446
162 336
265 425
372 239
358 583
180 379
393 670
12 350
410 385
178 113
522 226
64 445
646 441
494 213
556 253
483 775
426 203
443 118
398 205
499 506
459 176
190 497
423 283
526 400
496 526
188 314
370 785
440 383
219 518
369 683
185 345
642 556
422 443
352 493
574 413
754 574
311 621
599 327
302 616
447 658
649 322
115 295
358 345
421 411
410 345
468 637
195 682
387 260
521 379
63 428
480 400
519 322
425 499
177 349
199 583
158 364
481 410
131 463
383 293
410 578
685 465
479 146
268 569
382 354
694 331
365 483
389 162
239 188
21 432
16 366
86 366
688 558
675 312
181 516
391 268
748 462
372 482
213 330
360 617
390 248
401 467
322 285
516 433
645 461
196 267
484 217
572 434
679 126
427 594
432 604
293 532
581 570
474 485
477 422
59 380
236 396
384 240
385 400
418 345
510 193
367 359
259 460
579 709
531 660
230 421
216 389
254 133
149 169
421 618
408 588
412 407
559 314
585 328
500 472
418 346
595 279
206 292
495 334
97 222
693 344
537 318
267 388
201 488
135 659
57 447
490 412
230 337
277 553
314 255
309 443
331 541
423 534
460 425
295 172
339 451
746 361
183 263
604 469
591 112
140 564
607 698
391 541
338 196
186 447
328 651
591 499
280 457
279 100
479 515
392 200
460 393
399 571
436 295
340 577
370 382
545 695
409 423
467 404
692 448
229 285
608 386
327 493
307 188
423 381
337 218
469 456
708 200
646 287
488 432
339 561
455 561
408 405
303 729
410 397
190 406
292 223
492 340
384 571
473 611
556 665
550 489
592 518
501 79
393 156
726 417
454 205
361 479
342 588
102 316
358 64
295 616
587 593
419 707
459 661
150 430
531 192
388 218
559 317
275 247
304 207
361 384
579 595
609 115
287 405
623 579
530 570
462 724
394 314
306 175
342 322
262 521
310 115
465 353
325 471
418 373
632 245
448 444
720 393
550 606
288 124
335 522
176 248
340 257
78 308
528 694
607 485
331 508
599 418
424 397
326 103
444 405
228 178
196 588
719 350
452 328
434 521
431 710
138 325
303 356
436 74
252 545
237 154
340 656
130 260
473 591
412 421
190 289
452 474
458 587
535 289
174 507
237 294
478 349
227 650
325 368
431 376
359 427
267 128
508 386
277 517
506 491
460 621
258 638
489 541
260 278
487 709
286 485
505 702
139 560
179 332
421 381
685 238
181 459
339 415
347 651
525 70
271 686
432 323
205 262
47 234
350 274
372 723
449 523
635 294
443 441
441 279
305 321
118 454
314 238
207 504
396 195
617 296
690 214
398 466
422 790
418 176
646 274
457 391
281 393
455 476
628 501
389 405
593 433
137 509
491 483
696 325
314 672
263 259
433 543
242 622
26 527
428 507
690 249
248 267
411 405
204 702
425 436
484 492
524 377
264 444
425 248
371 152
560 342
260 336
87 414
319 313
712 316
597 132
303 227
369 124
100 312
375 573
284 302
484 486
172 490
335 157
495 240
532 232
560 574
525 597
375 537
430 585
572 214
465 474
349 426
197 395
371 669
188 215
368 456
356 539
520 505
176 512
117 581
43 269
543 277
59 361
493 268
323 581
470 543
344 564
404 446
659 482
442 98
319 404
561 725
24 429
347 660
628 282
208 368
672 138
241 480
545 632
245 289
430 777
191 279
458 636
158 130
308 483
320 531
735 213
238 605
655 204
730 313
547 322
311 378
434 165
430 260
334 457
431 139
412 198
571 202
502 58
281 418
362 536
405 229
497 405
515 677
429 633
478 303
257 243
605 566
195 652
253 499
93 357
398 522
252 376
335 108
214 362
153 600
495 529
494 94
328 324
151 163
720 514
497 510
237 53
532 77
599 506
489 490
527 477
388 278
391 87
213 165
556 407
579 193
162 320
265 226
491 369
95 449
42 368
602 519
379 396
34 532
293 370
439 280
683 426
209 341
46 282
659 623
385 584
229 121
615 329
637 263
662 349
299 512
571 439
438 380
360 155
587 647
226 415
461 612
365 425
289 538
353 697
158 352
347 178
486 191
316 158
228 587
526 355
534 388
441 339
524 558
570 320
691 554
304 543
71 419
733 237
492 305
245 85
121 564
333 702
289 236
261 579
218 553
622 428
547 305
636 181
385 241
509 176
528 233
262 565
476 669
447 659
465 733
600 308
553 445
425 336
136 586
228 638
458 347
113 173
446 312
470 311
38 403
241 272
443 409
389 231
512 338
188 226
145 380
348 274
404 450
375 231
431 468
219 506
255 534
506 525
785 380
200 210
201 447
415 140
681 496
324 516
173 676
375 664
195 154
706 566
733 323
287 224
415 616
151 430
418 502
503 464
478 550
639 317
353 410
314 239
263 286
427 272
306 425
425 575
185 526
446 425
235 731
599 162
318 580
172 289
398 342
539 563
288 235
649 248
104 610
389 212
418 448
274 297
197 133
571 355
447 210
544 733
370 415
495 368
522 263
263 584
647 450
557 584
115 495
505 339
444 522
342 683
282 644
475 685
643 241
687 393
223 750
254 43
466 212
133 301
608 406
318 189
399 257
464 550
657 583
364 677
41 269
100 349
382 115
438 474
524 156
507 99
95 289
402 458
174 606
23 309
645 498
572 372
720 278
540 377
425 299
497 180
582 479
588 467
547 449
364 108
416 210
491 207
652 209
291 610
599 627
716 323
488 222
646 533
168 216
468 115
81 594
574 474
360 315
573 597
501 420
436 705
750 507
423 51
353 606
415 515
410 464
491 334
431 486
436 309
506 533
514 524
436 490
427 505
519 158
366 275
343 231
368 437
315 588
324 488
324 400
553 427
213 448
596 582
562 277
464 591
493 246
635 639
378 449
467 416
535 579
61 301
210 161
219 580
576 627
351 328
530 332
481 671
112 546
663 476
543 367
566 331
279 324
403 240
542 466
341 615
265 200
700 235
604 602
696 270
202 298
488 547
428 565
187 261
297 232
509 292
50 277
695 192
691 637
82 287
491 597
688 316
620 165
385 255
295 422
148 268
447 208
737 442
216 295
452 646
372 461
403 489
572 309
302 603
369 647
518 397
534 282
198 580
429 257
538 460
513 99
403 407
274 429
602 257
309 31
537 443
466 518
138 488
289 179
456 245
241 47
349 77
55 261
218 508
564 622
448 731
581 303
258 437
663 343
695 620
372 379
546 460
181 355
272 278
268 705
554 433
448 563
512 337
395 325
377 34
587 292
346 394
507 391
514 520
577 391
361 137
388 309
400 572
559 541
517 599
232 277
340 241
476 539
518 263
240 194
664 396
432 534
172 499
108 485
21 321
155 388
192 317
606 208
369 339
257 442
389 712
357 366
341 163
572 157
568 221
370 452
515 349
410 567
453 410
703 482
341 481
222 217
479 278
651 192
271 135
674 607
171 255
615 131
129 482
501 352
553 654
180 116
281 282
395 181
469 361
302 423
287 425
472 203
235 224
347 275
650 416
122 537
548 127
447 508
448 188
275 431
746 452
278 413
333 750
317 623
375 117
684 345
667 479
698 420
257 324
369 319
333 286
611 468
350 260
687 270
198 548
262 439
416 187
717 543
495 306
662 652
241 330
396 242
315 653
275 499
111 517
592 431
338 268
216 677
575 166
414 457
286 652
464 282
590 409
449 382
334 355
365 633
229 111
239 74
432 234
472 15
353 743
444 501
319 453
417 501
349 665
440 636
568 471
632 145
419 603
569 213
394 348
526 65
649 321
390 594
627 492
451 583
99 221
323 329
470 330
551 326
138 158
529 445
307 362
704 581
491 758
526 705
185 394
506 269
472 697
399 506
665 288
467 125
165 407
598 321
388 354
483 124
482 410
285 327
373 241
392 291
277 669
255 250
663 406
397 632
629 624
337 299
598 688
514 383
439 583
314 211
285 452
361 420
502 259
303 757
329 330
206 288
344 218
419 693
286 434
240 483
735 447
48 520
320 315
373 196
528 405
233 623
524 651
365 347
708 283
150 408
519 258
507 252
250 265
247 371
476 372
366 448
208 585
533 51
143 635
265 257
137 327
578 375
522 396
278 605
487 417
580 553
583 303
651 137
413 421
209 715
588 396
557 635
198 601
412 261
519 257
396 222
638 296
501 595
155 455
394 171
197 376
569 679
290 73
492 105
691 278
526 636
347 294
206 239
555 606
442 443
224 289
794 394
524 446
365 398
407 315
298 580
372 720
584 313
458 21
387 446
327 736
231 212
345 150
649 263
363 191
349 480
310 184
342 300
542 201
142 210
158 376
525 676
445 579
205 466
517 538
188 369
693 498
683 394
502 744
290 436
392 270
234 659
429 399
657 617
447 371
661 130
658 436
501 301
304 238
106 289
172 118
590 434
426 167
298 427
384 381
312 451
312 518
692 328
266 78
321 250
640 652
606 271
331 737
187 351
591 267
382 619
459 347
24 308
286 308
326 543
484 299
420 306
462 569
480 546
546 308
168 359
634 333
180 98
650 170
644 251
347 290
590 410
372 246
428 111
615 399
604 494
460 220
488 197
99 541
655 286
356 354
322 275
673 606
111 452
517 328
245 434
415 603
489 597
430 570
105 202
630 431
324 116
422 747
520 237
409 477
322 396
401 351
290 401
496 309
562 278
707 193
322 63
414 633
191 460
505 305
299 580
557 247
485 490
270 337
180 350
281 500
206 457
296 671
391 676
426 325
345 573
549 265
531 270
292 447
414 400
660 479
396 583
571 554
220 325
657 677
458 169
452 134
425 260
690 573
210 386
67 385
450 571
435 396
544 633
322 604
369 315
468 575
58 526
502 344
373 684
203 523
134 513
135 256
450 746
527 486
510 279
538 472
416 201
191 555
252 442
476 623
601 601
472 565
361 616
511 310
303 421
313 489
300 265
134 185
296 387
169 181
227 190
500 507
316 389
373 62
347 164
770 431
438 200
388 217
611 291
139 508
249 636
130 672
477 691
204 583
234 641
470 59
626 590
402 658
463 520
74 478
121 258
169 655
609 282
445 298
611 699
455 469
135 576
286 474
610 583
195 332
296 745
616 333
198 215
407 657
665 570
540 555
429 9
171 458
313 460
460 138
120 225
167 114
287 628
571 607
601 120
405 757
642 248
223 212
224 278
464 744
518 440
543 460
270 213
142 429
194 184
508 323
538 290
455 353
199 283
219 142
77 214
31 343
536 294
554 352
255 454
453 618
655 548
181 572
563 54
429 370
349 353
521 471
642 504
503 534
734 577
252 435
634 415
406 143
508 164
118 453
592 475
347 187
367 418
574 471
340 755
434 170
398 351
362 263
38 382
483 369
361 696
445 254
329 128
477 484
210 226
119 227
335 296
168 343
665 593
413 541
281 189
178 622
324 229
101 449
347 414
163 374
162 597
200 397
163 83
429 173
308 603
390 293
312 519
458 540
380 463
359 505
231 371
478 646
481 276
414 273
323 437
463 441
82 231
504 259
432 595
400 453
607 564
281 255
237 373
476 196
437 251
305 175
269 212
422 492
161 434
477 267
351 136
331 661
414 248
399 416
125 368
241 116
395 612
625 599
488 362
405 498
433 360
479 562
415 476
268 292
636 288
438 313
508 168
362 735
247 644
556 321
92 184
457 370
326 143
668 573
89 469
459 743
553 203
683 423
598 534
207 211
518 449
460 370
315 318
519 151
149 492
326 293
727 569
117 478
650 188
462 442
133 339
54 419
362 231
271 118
506 357
118 510
262 285
72 564
738 256
542 530
328 413
623 611
253 545
386 477
161 425
340 255
380 351
539 98
466 704
509 270
382 473
398 399
631 636
374 354
455 447
383 354
701 422
569 317
542 213
452 510
205 419
483 293
605 145
305 659
336 518
590 323
519 171
491 193
593 336
243 540
82 484
643 207
310 265
489 87
638 548
370 770
728 532
656 464
709 410
706 457
440 704
388 212
558 499
394 297
221 211
224 180
515 589
393 443
489 286
400 384
232 422
221 514
249 475
216 306
450 423
546 523
290 167
257 497
107 230
376 699
427 229
670 269
586 343
535 627
223 395
445 707
564 245
661 178
604 363
537 527
14 475
444 93
692 341
485 504
305 480
531 315
641 626
420 355
186 383
206 455
354 271
484 428
509 409
249 542
503 694
531 335
180 477
623 558
361 350
242 438
495 316
680 561
170 275
397 718
405 152
540 455
475 337
288 462
362 638
290 355
614 427
401 475
385 481
522 574
308 113
459 546
266 684
392 567
385 486
247 220
189 302
682 585
297 329
346 124
333 467
92 567
386 129
558 274
375 99
267 763
474 488
691 381
600 261
472 130
115 264
386 506
409 395
621 523
342 554
417 737
203 75
492 682
99 521
98 526
599 725
329 294
427 209
411 440
526 444
492 544
460 398
177 491
560 206
216 573
50 537
242 543
96 321
345 197
575 426
712 516
354 491
763 299
376 401
424 252
462 320
362 200
347 319
366 628
137 346
345 228
560 199
201 200
615 476
184 538
507 428
407 216
231 571
394 294
139 338
680 506
345 769
485 275
369 336
700 576
454 119
449 221
522 395
549 420
530 710
190 574
302 331
450 253
364 171
643 420
746 269
720 379
408 680
228 295
395 189
668 491
449 305
695 507
582 368
386 157
53 348
345 330
465 103
380 523
346 311
308 626
478 305
69 249
507 413
541 235
127 431
218 549
285 419
546 463
627 176
574 600
387 764
387 273
536 449
191 517
191 658
610 440
678 466
316 157
398 93
191 526
340 361
499 549
634 498
519 247
78 294
651 353
575 415
568 447
718 542
521 179
144 348
542 280
302 187
380 180
387 370
473 561
377 490
329 460
364 520
443 782
408 454
296 471
580 504
195 484
732 370
416 296
384 636
434 553
397 67
175 552
440 369
21 403
248 332
676 487
126 361
275 338
178 468
457 484
5 405
337 459
126 581
494 389
528 597
475 579
284 487
740 349
541 452
303 288
237 519
269 669
111 442
376 453
169 577
723 512
418 215
513 307
633 385
516 401
583 488
48 497
473 581
321 561
430 486
189 519
280 751
675 116
469 210
388 394
548 384
310 487
151 317
437 252
262 606
508 343
168 636
248 366
363 488
566 219
573 292
503 474
457 416
168 474
227 614
320 420
208 94
480 324
465 511
346 427
698 416
92 306
328 521
76 512
464 319
476 629
365 477
398 545
419 621
570 709
400 604
486 155
531 416
229 51
487 365
454 330
542 334
514 392
325 359
484 600
433 538
317 385
205 198
591 464
551 370
107 360
561 177
151 340
262 394
308 450
400 601
302 424
420 268
568 540
245 319
547 268
393 308
267 580
580 518
436 382
206 348
533 57
463 221
469 128
78 204
452 430
407 435
333 521
468 341
545 401
510 294
369 382
360 385
376 405
431 572
559 479
470 185
513 546
579 50
393 381
578 627
428 516
577 715
565 387
393 483
299 663
557 582
163 692
231 177
373 633
296 617
340 713
376 239
417 368
115 339
495 361
542 279
428 431
204 512
561 479
303 531
509 399
227 504
644 316
522 201
130 474
388 315
708 368
558 470
432 454
457 409
269 614
256 79
324 563
577 133
246 429
644 184
222 672
555 269
312 104
703 389
195 311
174 413
591 215
509 614
555 567
331 165
466 436
590 405
689 507
347 680
192 548
317 580
468 653
453 450
580 447
482 686
377 318
293 156
699 429
458 236
605 226
396 502
592 283
585 155
670 448
381 460
262 371
612 237
412 203
241 488
544 290
425 489
397 646
436 410
544 106
279 325
466 387
483 356
677 568
489 165
603 312
354 552
513 518
65 433
455 356
500 378
570 559
593 739
560 454
366 261
270 230
407 184
412 232
291 475
750 447
642 678
258 416
296 326
543 210
303 516
746 449
412 405
635 465
606 475
701 446
436 611
323 256
282 331
317 462
581 557
495 376
131 622
323 397
565 592
569 527
201 338
372 229
458 356
589 367
248 92
116 252
354 481
188 264
188 469
571 73
208 557
238 274
250 703
323 252
311 579
308 454
308 337
261 395
487 313
450 129
85 342
176 143
447 385
494 525
27 313
322 559
321 388
379 242
229 360
273 660
565 247
585 263
470 740
596 336
641 413
219 643
492 139
329 562
84 542
390 312
135 445
282 321
217 187
642 352
119 657
332 529
305 460
306 357
262 312
365 273
414 305
498 25
570 626
251 466
386 323
431 357
375 400
362 688
288 178
624 566
546 282
411 609
709 365
315 485
327 710
601 657
273 423
567 519
311 401
346 357
72 601
278 358
657 625
320 102
571 181
221 360
448 357
276 207
228 307
276 414
89 574
356 450
233 601
94 253
134 444
308 280
391 227
114 612
446 673
340 566
420 457
216 261
640 408
587 341
472 673
346 553
404 106
685 415
522 515
484 296
327 337
398 371
400 407
341 713
544 411
236 598
275 638
702 262
506 189
467 432
501 375
284 357
592 166
569 243
313 257
214 302
334 219
184 205
337 63
372 420
162 486
307 169
364 607
693 303
704 327
669 420
206 724
9 343
695 542
337 270
236 176
383 117
429 236
302 375
269 331
212 481
649 276
391 439
350 330
267 311
241 569
329 310
283 487
336 420
617 557
218 383
361 502
299 573
401 512
615 396
256 703
494 369
391 483
169 397
40 434
536 427
428 715
91 437
178 349
379 179
523 573
445 610
305 144
344 238
195 289
364 405
677 324
504 455
525 508
278 222
444 467
710 455
117 428
568 679
466 537
605 442
163 348
577 406
451 614
359 660
388 618
323 184
314 322
683 190
462 441
598 315
591 321
636 121
255 369
369 523
266 646
440 493
82 313
136 623
107 326
87 428
247 331
626 348
127 123
609 323
430 515
453 136
216 740
642 506
665 390
735 249
154 549
619 292
583 464
481 120
557 238
479 431
454 335
529 257
646 260
356 403
549 200
211 690
78 315
199 522
669 470
648 397
391 188
527 555
392 453
503 668
122 447
201 403
203 235
119 193
316 597
465 235
210 657
525 494
442 460
360 421
389 178
667 395
503 27
259 321
433 492
741 241
314 318
389 345
137 320
212 491
462 356
149 254
352 110
232 647
525 91
187 583
675 673
552 695
335 520
219 344
281 346
610 699
447 735
628 477
369 302
321 567
701 442
103 256
734 460
180 503
139 216
254 540
404 108
240 380
389 175
397 13
288 233
498 446
208 542
422 306
621 203
208 480
274 593
641 428
105 299
512 493
482 309
476 221
479 275
304 323
402 129
549 439
493 231
302 442
210 87
450 581
170 523
484 326
178 336
478 481
229 158
547 424
189 497
504 609
614 291
24 457
606 402
609 494
325 384
391 669
666 558
425 339
615 395
172 722
347 577
517 605
369 442
306 638
522 491
201 535
421 230
414 479
524 338
288 455
439 347
217 365
108 408
184 86
236 421
464 188
94 513
445 368
271 613
276 186
299 313
392 432
630 554
435 555
371 147
564 452
442 638
412 181
459 441
389 553
102 546
198 391
455 325
360 67
720 375
345 448
442 625
636 427
436 236
412 234
418 196
113 607
350 560
529 387
261 567
450 326
588 388
222 263
383 384
224 461
638 571
355 150
611 434
777 436
455 109
252 439
502 355
282 230
90 449
341 408
354 714
251 689
469 556
674 529
646 436
675 236
404 465
272 583
483 449
104 311
520 221
164 380
380 433
459 615
480 123
190 350
591 392
441 226
430 388
406 507
673 605
482 391
517 197
389 338
480 709
425 191
728 490
261 294
381 589
580 634
602 518
447 214
211 511
607 131
309 221
483 395
349 765
592 268
520 485
393 721
472 467
236 320
537 536
511 434
718 447
651 196
360 515
587 410
378 570
142 410
469 489
484 396
153 384
157 464
351 311
472 694
112 430
284 757
441 370
449 407
194 620
422 661
678 565
540 146
267 201
513 498
90 610
643 215
327 241
606 508
447 209
336 246
131 534
588 569
562 254
322 231
240 331
394 475
335 593
526 301
317 246
348 123
422 607
571 278
633 208
501 660
389 210
399 198
295 346
303 502
566 295
385 437
379 135
405 555
505 745
592 387
125 653
632 175
249 534
613 444
302 623
321 765
476 172
565 364
674 353
720 587
507 687
302 209
210 620
344 289
246 502
251 403
384 210
507 315
470 421
420 584
345 265
174 139
205 477
343 767
765 470
197 523
347 532
126 276
519 31
548 94
167 284
352 635
305 540
579 463
409 303
258 377
444 631
679 209
616 435
599 482
660 163
758 350
279 516
564 405
498 323
566 251
475 348
628 294
699 614
336 384
238 362
347 263
508 257
404 324
258 274
87 257
353 406
388 385
509 198
397 516
290 619
245 415
400 274
470 287
626 360
376 410
522 232
524 480
169 632
287 165
183 265
550 322
137 626
602 247
528 361
651 550
95 388
711 577
253 200
534 589
665 208
516 379
433 401
192 222
324 403
235 82
372 111
177 292
327 542
44 371
354 281
739 312
239 594
619 218
378 662
281 540
322 607
633 455
704 398
556 140
204 271
620 336
56 280
591 140
511 633
340 458
269 524
96 445
566 471
603 349
255 325
161 160
274 243
337 557
534 675
621 676
429 496
332 271
254 453
302 430
277 497
275 208
462 381
296 579
415 235
55 425
520 518
375 529
526 73
504 387
554 284
434 633
228 400
298 429
386 228
498 504
403 439
296 749
138 409
273 370
394 672
584 528
353 573
265 213
357 629
346 671
263 351
472 430
627 479
253 283
257 394
479 497
285 672
172 430
510 241
615 627
305 487
249 180
308 612
424 602
370 302
257 372
282 50
511 342
446 212
232 603
363 212
585 526
469 311
262 524
505 344
685 539
300 369
571 283
301 273
365 189
383 252
650 336
432 343
370 524
567 580
395 172
282 417
345 226
306 216
424 488
671 206
102 542
190 477
120 555
577 129
335 264
453 298
454 621
568 571
288 356
596 464
259 441
367 269
42 424
427 579
365 571
494 92
468 66
457 396
508 399
423 202
714 259
373 219
522 229
383 414
461 706
274 671
120 235
456 187
509 412
618 193
516 285
262 84
273 491
514 345
598 663
531 554
305 294
379 211
377 541
479 40
525 387
295 716
477 756
499 419
451 474
233 334
319 707
582 65
466 200
592 261
157 250
617 451
189 372
329 422
603 229
435 288
572 219
486 258
344 648
257 212
633 530
611 484
277 226
647 373
126 340
427 481
245 327
262 327
437 25
220 278
291 120
497 360
215 391
337 300
261 163
498 593
361 564
246 318
260 443
396 415
164 447
348 581
298 268
563 558
452 101
409 436
246 529
303 462
365 476
574 658
433 509
539 153
291 204
611 288
288 641
282 235
110 372
375 622
375 273
594 582
182 326
393 312
442 303
355 376
637 493
483 275
777 371
365 137
591 270
313 442
395 496
353 232
326 245
450 93
47 554
639 537
307 496
318 375
402 248
508 525
632 477
554 146
398 480
408 507
449 311
549 341
276 376
351 352
415 215
305 400
522 324
690 390
420 388
481 360
166 300
687 184
17 385
558 246
43 425
439 34
554 679
309 434
316 527
221 567
429 244
579 136
659 406
589 430
598 176
228 525
343 526
295 237
286 344
484 438
547 363
564 381
690 388
527 510
580 600
675 363
507 46
278 472
99 444
536 288
253 463
476 56
198 645
366 219
494 113
635 216
308 336
566 563
512 226
295 323
457 534
717 358
418 380
572 224
593 323
154 600
322 389
238 361
392 214
423 207
446 741
245 206
274 118
253 155
356 479
516 261
532 204
460 268
168 466
343 661
447 387
71 456
441 779
237 459
527 384
255 615
325 528
512 717
292 459
421 455
703 404
242 213
649 616
665 279
708 400
404 431
606 348
555 304
385 471
357 347
534 459
74 188
435 534
592 220
531 189
317 282
308 691
458 181
456 169
83 167
615 369
377 531
130 604
316 41
612 149
382 669
328 539
370 493
355 427
730 589
66 287
578 428
568 525
560 346
672 246
504 727
515 300
180 338
482 48
164 500
391 410
135 666
306 239
355 703
626 237
472 731
545 361
619 533
281 542
347 547
25 317
531 454
568 311
62 228
698 387
352 712
100 389
673 138
499 310
317 121
374 704
154 206
255 411
701 599
620 288
164 435
465 697
449 471
429 538
375 135
390 422
177 651
164 565
88 371
625 410
235 355
401 451
259 346
338 358
595 180
426 616
106 413
260 416
361 694
622 471
577 283
524 237
556 327
271 339
555 220
408 111
203 275
445 299
245 139
729 475
196 358
538 595
150 464
459 425
276 356
734 473
294 379
339 117
258 314
540 170
545 391
711 516
650 294
310 195
445 366
444 125
708 528
355 640
403 283
288 419
427 278
339 622
766 481
267 193
530 577
548 456
598 172
605 314
265 447
451 638
236 385
277 47
462 644
453 171
654 249
168 490
250 85
359 465
519 326
305 375
368 487
509 387
220 350
318 285
398 698
360 149
621 448
674 262
633 466
627 265
511 420
591 526
348 395
568 180
277 509
473 743
399 454
317 515
340 272
405 121
431 677
217 656
117 551
310 404
577 442
192 436
451 161
384 531
378 278
573 390
349 493
218 597
760 298
687 487
693 248
170 486
429 161
468 270
440 416
476 343
256 461
294 589
426 507
524 579
381 225
362 456
631 205
236 602
53 260
468 392
390 304
312 612
453 501
297 157
519 352
562 390
431 390
575 524
457 405
463 667
659 212
434 274
544 509
610 551
552 512
592 338
435 564
150 418
470 437
200 569
604 414
412 233
504 354
671 189
470 476
363 542
490 61
301 330
266 273
323 356
280 554
86 369
290 441
348 235
228 250
551 745
610 363
308 241
260 658
321 520
346 269
662 401
596 522
216 418
282 484
527 645
547 479
406 187
446 298
404 262
280 536
357 267
54 265
453 761
295 250
477 443
306 645
487 231
357 476
567 163
510 368
289 27
267 314
409 403
279 188
355 74
228 399
389 388
500 499
758 485
548 594
434 416
404 540
585 208
379 323
649 608
457 266
374 194
469 533
328 712
583 479
304 146
713 501
182 436
538 181
501 178
549 536
658 216
291 464
331 416
556 171
464 103
531 465
666 461
372 628
121 442
442 504
619 394
170 535
22 447
594 473
338 373
389 135
392 122
585 451
643 516
316 465
513 442
357 428
696 568
293 454
280 255
93 272
217 351
382 548
600 183
136 680
657 396
455 280
422 38
450 608
347 492
342 144
317 429
184 507
467 789
384 131
89 256
217 453
352 362
183 593
524 549
418 361
233 524
328 669
433 644
594 435
506 586
252 672
414 774
98 210
577 571
422 688
408 545
394 316
655 351
546 142
37 341
576 326
408 626
108 391
548 208
418 300
344 314
404 85
254 378
463 312
397 591
332 274
435 208
389 189
268 429
306 499
282 279
143 465
315 253
570 165
523 616
270 299
384 513
573 85
142 299
456 413
393 671
385 439
294 573
288 519
474 181
339 221
501 498
313 515
459 295
254 430
410 414
95 376
379 649
509 378
149 213
384 775
491 538
302 200
353 619
413 293
725 515
248 473
307 265
324 644
612 609
494 279
225 754
280 417
289 211
413 43
668 457
390 167
230 305
168 237
360 572
218 479
417 437
448 535
618 465
376 437
527 545
366 97
394 387
455 214
667 369
573 413
153 408
23 478
636 468
219 673
402 581
250 269
591 128
174 287
640 283
397 550
506 401
358 323
520 571
446 474
325 497
373 70
264 338
661 639
411 370
323 575
473 285
289 541
454 129
236 593
399 179
358 718
156 266
501 527
273 304
435 514
359 624
344 456
700 448
255 215
297 350
414 437
399 18
500 362
536 128
553 449
356 243
510 572
425 642
474 333
487 456
361 257
144 330
483 319
375 461
472 496
322 301
376 486
483 661
294 474
135 350
517 123
628 383
175 446
371 289
265 458
522 258
367 410
483 443
383 399
253 329
490 102
151 341
378 333
530 478
475 207
501 682
317 469
166 262
135 502
424 550
161 137
585 441
190 542
365 388
343 204
358 517
135 109
462 425
462 437
559 390
353 346
210 326
740 376
284 266
337 663
385 462
546 706
524 628
382 352
148 123
55 336
172 85
567 123
585 225
298 396
509 759
557 467
413 378
399 584
495 538
240 337
552 565
595 611
254 375
689 629
748 291
358 553
628 120
200 402
77 334
428 356
161 599
321 592
28 336
578 168
480 355
181 548
291 173
126 474
302 357
386 596
388 306
286 527
163 520
500 406
114 323
187 717
483 649
385 131
683 675
487 88
255 287
339 86
637 678
412 389
386 247
398 621
558 728
215 470
679 499
458 486
389 337
303 508
580 247
351 303
137 581
598 601
324 364
636 622
422 311
561 191
97 496
573 656
554 192
482 534
129 505
212 219
538 511
359 146
221 153
386 231
207 217
778 367
603 328
580 353
321 639
495 517
444 572
444 295
72 559
9 394
266 322
326 128
67 366
532 163
527 417
448 593
589 536
355 634
460 666
167 614
355 409
266 232
541 272
314 246
593 198
406 690
133 236
406 262
161 345
493 352
447 353
235 413
268 325
534 749
328 375
446 602
418 442
44 353
515 100
532 210
352 322
700 592
557 678
606 335
10 397
614 682
244 584
457 648
769 489
334 56
481 82
216 450
202 295
335 349
138 421
539 282
409 357
198 74
467 111
639 321
589 314
591 490
644 376
90 271
731 360
449 552
282 468
426 628
342 495
218 472
263 428
628 576
384 356
250 405
319 373
203 441
68 473
388 300
212 622
405 391
565 531
404 192
176 183
706 422
472 385
151 282
128 389
282 299
527 638
506 429
406 280
324 113
447 637
585 267
384 382
306 454
677 483
658 456
375 345
695 533
221 327
212 237
450 502
541 538
466 450
440 326
222 175
477 519
565 235
200 302
509 578
315 553
337 372
248 549
535 373
703 529
485 500
266 352
310 222
640 570
216 443
254 394
531 100
670 556
485 250
770 376
419 406
85 528
457 527
292 309
110 375
290 265
536 355
345 250
345 717
539 103
599 413
466 348
270 672
578 342
376 598
316 641
263 597
438 604
582 662
466 192
149 561
300 518
439 341
361 434
678 609
493 664
445 417
98 550
404 154
733 276
248 359
411 460
638 418
583 362
624 469
268 589
525 639
555 308
390 557
503 606
242 303
366 272
316 275
347 746
181 278
163 516
441 396
369 446
203 434
146 204
259 166
415 438
497 273
435 332
150 563
287 596
418 253
544 165
349 479
638 610
668 337
576 558
681 308
416 208
644 560
530 456
604 262
613 160
284 352
596 596
312 79
214 366
167 245
272 470
266 382
622 677
598 359
386 412
135 191
124 381
300 512
370 637
243 171
276 344
334 102
421 183
574 291
227 64
478 219
633 188
589 256
368 186
199 375
448 646
259 583
381 725
429 287
159 511
41 455
215 204
428 469
512 400
508 274
584 445
259 386
125 177
324 471
419 272
577 525
293 208
381 588
213 452
581 299
489 404
587 641
461 515
667 349
344 290
449 326
196 193
514 370
352 726
595 552
169 418
318 300
267 278
274 426
291 337
668 239
552 292
553 706
239 489
424 345
490 491
311 422
214 457
406 510
473 471
241 311
456 694
269 443
270 554
552 345
599 471
404 317
419 454
318 162
485 408
284 312
447 183
278 282
580 551
419 409
341 196
685 169
585 296
462 104
137 431
257 160
641 371
588 641
302 71
575 238
329 235
516 393
438 339
572 465
478 534
478 598
389 323
164 150
188 120
287 677
559 419
714 236
323 429
105 547
621 467
566 132
415 65
333 378
233 164
465 290
235 328
448 23
605 454
477 557
504 726
421 379
749 298
739 419
421 559
773 327
382 254
127 267
253 428
249 454
454 108
495 616
661 298
190 204
184 561
388 374
15 433
283 128
510 312
525 687
418 401
335 302
157 626
225 454
508 407
431 630
444 240
451 226
473 671
415 165
314 361
682 350
674 554
512 288
379 256
298 314
274 381
653 263
616 268
562 520
421 442
601 339
452 58
460 285
504 685
349 621
384 380
638 474
234 363
503 394
453 165
570 594
472 416
535 489
184 483
333 482
551 330
388 469
518 164
98 221
593 314
477 647
379 494
686 435
432 150
91 538
414 298
461 272
706 267
321 669
341 443
275 305
208 416
419 514
265 579
605 533
588 86
305 208
748 467
360 605
210 71
215 384
409 206
129 640
165 351
498 404
339 436
622 603
471 615
521 371
434 378
398 282
222 325
545 514
644 667
306 368
375 621
135 668
354 305
400 300
308 186
531 445
465 249
305 386
466 524
297 555
129 381
491 476
482 317
304 157
516 624
392 599
144 415
499 225
511 234
409 122
348 696
40 280
391 383
215 269
248 326
476 361
419 431
337 634
389 431
293 451
580 401
83 275
506 171
210 174
214 370
332 433
505 501
492 416
565 331
379 334
214 500
571 517
125 617
613 221
251 165
444 67
776 386
364 421
499 695
439 380
215 99
501 280
270 473
432 423
411 384
425 784
36 388
259 626
234 347
276 528
400 405
657 240
346 497
507 452
489 369
762 390
525 189
311 217
745 220
715 418
214 363
531 457
552 427
676 261
318 567
728 341
633 481
398 429
71 252
442 564
633 523
641 673
411 540
444 184
273 255
395 747
501 452
461 36
492 495
452 435
433 491
520 403
433 381
407 576
281 222
382 172
261 362
102 649
243 236
635 463
479 284
464 373
337 570
439 110
744 445
271 750
386 605
190 259
18 329
246 99
122 465
465 642
461 620
592 401
340 433
492 419
534 662
702 302
609 581
656 596
398 415
97 276
311 494
361 220
348 649
518 660
567 307
649 624
225 685
364 308
274 218
499 229
593 398
403 422
501 646
515 603
230 243
248 410
628 242
554 353
331 653
172 270
230 462
513 214
368 311
345 227
584 515
486 438
666 291
414 454
189 184
142 318
581 284
692 524
223 205
159 229
700 485
626 142
295 760
416 482
218 457
589 257
755 372
130 345
442 175
322 522
346 360
183 520
576 387
481 421
661 227
450 497
366 461
451 312
356 239
461 778
548 230
332 665
369 316
570 667
703 413
546 278
554 135
573 333
382 745
574 701
600 437
291 196
407 520
513 302
693 172
122 335
393 514
568 662
195 411
381 162
287 432
535 662
474 211
234 259
352 480
365 733
531 440
243 132
444 186
476 376
686 237
333 392
613 440
418 516
395 477
458 284
186 464
535 213
688 300
315 488
427 410
284 522
354 364
424 463
468 485
501 552
233 393
297 471
305 308
591 642
239 694
347 406
654 385
518 586
413 178
394 290
572 509
268 293
583 399
281 260
703 267
498 592
268 502
649 643
238 186
241 196
591 375
659 500
470 192
133 679
223 388
646 234
307 697
649 534
226 480
156 545
343 184
506 192
421 233
45 464
218 167
577 458
564 233
568 55
68 226
346 377
361 634
220 630
354 231
302 244
448 156
147 568
280 618
334 667
291 539
197 317
213 427
511 660
473 109
395 774
359 352
170 309
429 250
186 520
639 414
384 471
344 334
422 524
212 453
163 227
439 441
339 491
595 567
362 675
94 547
549 303
546 270
239 593
286 376
467 687
210 599
597 540
448 471
85 522
445 390
240 336
418 506
73 333
233 539
296 244
533 466
357 425
371 323
310 194
511 280
191 702
354 278
334 297
303 326
475 240
396 344
426 298
731 436
495 452
108 584
489 663
401 627
275 634
148 189
625 209
468 394
351 453
622 507
106 543
716 192
418 309
519 140
436 518
461 302
288 161
129 267
228 322
225 424
395 256
640 237
427 402
381 701
511 487
344 11
268 298
411 389
465 312
363 419
418 288
433 86
372 487
460 421
469 378
561 564
260 251
361 364
285 342
292 370
366 647
514 404
277 518
711 388
227 182
175 260
331 693
86 555
244 342
214 317
242 328
344 360
386 179
440 751
112 207
380 378
403 375
358 398
363 468
312 238
366 380
244 592
675 468
369 297
140 354
277 630
380 350
417 516
384 134
341 654
194 552
335 408
289 454
89 271
321 731
550 73
169 404
304 674
296 155
625 529
713 193
409 344
677 490
574 269
191 297
583 411
621 301
528 433
356 532
414 338
428 651
194 528
198 310
411 470
231 352
388 407
620 132
311 109
650 384
95 364
190 317
541 563
208 280
284 623
408 630
535 502
597 342
448 375
217 306
451 426
565 358
528 507
228 239
642 156
376 476
349 207
432 446
783 446
776 465
567 668
260 392
331 318
312 316
171 688
150 426
722 249
520 753
747 508
513 286
197 531
402 388
630 218
332 348
553 686
256 187
571 532
174 549
216 282
444 369
119 336
403 223
453 324
533 517
362 467
331 393
196 164
272 285
437 437
548 354
608 68
337 384
382 108
561 269
157 674
613 176
637 333
337 461
619 565
426 176
464 530
528 657
541 498
288 298
316 263
558 342
474 520
378 599
291 413
147 316
617 378
344 511
224 549
520 470
175 476
358 184
130 596
168 395
654 437
221 460
400 769
336 514
538 243
502 567
471 439
58 256
243 296
535 238
74 507
386 580
215 481
224 397
426 130
261 501
507 350
435 405
47 375
427 384
551 472
715 454
508 72
359 659
700 378
421 643
213 547
259 521
403 277
533 428
459 309
217 721
677 177
348 484
202 286
330 460
354 487
331 649
684 558
198 483
479 516
96 463
219 267
511 591
366 399
428 68
164 276
369 443
276 521
489 595
268 676
635 378
514 478
641 514
229 230
605 271
590 215
511 146
279 336
513 253
402 338
532 723
343 457
694 250
693 490
542 499
534 254
643 131
573 180
370 511
109 266
326 533
233 363
211 400
178 437
211 650
386 414
175 364
628 346
226 283
419 516
436 289
335 440
545 436
352 244
420 377
279 349
561 451
232 209
380 139
160 567
534 299
175 305
337 552
131 419
315 182
345 633
520 219
301 429
553 158
387 340
523 470
654 314
461 417
657 344
467 741
404 416
527 258
638 406
92 295
186 710
507 159
313 327
400 329
345 744
102 330
437 365
442 430
385 265
333 363
756 382
539 385
341 282
350 719
582 305
434 689
350 766
467 702
228 219
296 753
199 480
492 716
377 277
372 304
314 531
550 368
178 572
434 626
624 142
614 474
447 262
183 591
350 360
426 513
369 606
470 466
651 641
291 478
529 343
512 676
500 343
410 295
332 533
201 265
399 404
470 656
324 590
404 408
509 474
270 353
150 429
351 140
672 284
301 670
283 324
420 321
125 537
316 628
646 452
81 242
679 253
183 387
290 768
592 409
153 224
456 120
388 594
522 320
335 390
137 609
536 445
146 511
163 97
170 554
605 579
154 522
58 288
550 224
475 307
557 409
126 180
134 438
198 410
549 262
375 487
210 670
569 564
615 665
438 430
281 475
83 497
288 272
400 581
410 628
602 243
224 482
693 562
759 366
318 150
67 571
154 349
97 401
228 299
247 285
424 626
133 376
568 684
133 645
109 411
631 459
185 503
568 155
365 458
694 420
340 311
313 155
137 490
576 488
462 445
653 453
478 500
496 594
588 493
530 273
423 102
504 452
734 525
467 309
544 359
198 332
368 91
69 436
389 565
488 147
372 551
62 503
130 419
284 336
628 193
520 41
526 188
159 598
278 479
642 604
520 497
198 255
271 624
218 361
190 607
242 209
197 404
538 574
285 503
461 583
596 687
405 544
642 408
565 404
265 239
177 665
504 607
392 317
279 400
709 250
233 685
182 348
411 197
338 19
216 471
269 590
486 771
506 388
414 604
379 587
222 591
597 278
210 466
276 725
142 539
486 385
272 283
473 580
789 407
682 464
218 329
500 467
578 236
360 435
221 93
505 600
318 657
97 539
625 431
323 496
116 399
642 392
222 406
457 366
231 298
536 308
690 457
477 354
578 306
504 325
568 595
494 121
271 280
528 358
342 304
451 257
393 181
347 698
742 527
200 151
617 154
480 182
357 663
480 621
564 541
260 461
227 361
232 350
294 237
484 252
376 165
291 328
151 146
538 552
106 390
363 211
510 427
523 256
403 708
518 517
320 240
163 413
387 369
88 583
514 679
423 449
649 431
616 564
683 467
113 207
673 433
478 736
213 332
490 300
466 287
47 253
469 661
692 206
508 572
413 464
592 551
541 69
264 219
147 185
668 352
345 278
542 635
571 433
443 670
434 193
512 310
519 110
557 398
735 386
463 409
496 712
537 182
167 565
614 657
463 253
651 420
594 318
357 427
333 483
574 481
654 570
390 589
224 496
388 438
123 305
38 472
405 794
123 359
200 353
282 464
530 615
102 288
256 285
415 352
189 350
361 102
587 372
247 479
245 130
92 518
637 403
325 476
407 518
387 546
42 425
624 478
409 553
362 515
351 597
494 50
90 509
315 127
407 493
99 359
135 504
646 218
239 411
510 541
261 363
186 402
376 422
427 299
495 700
525 397
647 234
199 122
609 544
267 671
512 363
443 437
399 194
353 273
284 247
135 420
126 303
111 314
292 541
454 700
311 364
353 196
633 677
473 372
412 125
217 131
615 672
676 331
589 561
774 366
341 746
486 527
8 404
191 616
623 600
391 621
306 229
310 413
465 722
304 306
506 428
326 452
334 301
267 379
318 431
266 639
458 333
494 142
107 425
308 257
541 669
270 535
417 459
651 667
539 507
121 139
298 704
489 471
96 499
374 480
412 468
605 681
432 535
479 597
154 537
471 635
324 166
744 366
361 609
203 395
507 636
359 255
671 439
523 70
393 747
329 315
221 347
383 502
264 139
489 560
402 453
501 390
434 216
289 129
270 624
365 369
435 203
316 251
255 701
337 225
418 762
81 381
481 261
701 320
330 91
259 278
108 566
386 300
363 336
415 623
285 585
578 675
611 211
497 293
768 458
271 741
182 559
179 500
714 486
459 155
545 611
320 476
370 709
372 397
529 264
423 575
400 428
235 289
304 704
356 139
275 683
265 133
497 384
563 577
378 732
372 426
373 720
484 216
415 629
223 245
782 425
231 316
355 68
381 563
278 297
380 410
70 312
311 708
253 529
286 503
61 284
197 277
198 554
407 510
501 427
473 717
280 492
499 404
533 325
373 432
215 304
653 609
390 618
133 458
534 319
260 556
405 149
381 605
377 333
626 694
539 474
467 99
574 374
210 552
107 446
547 373
315 445
120 421
507 450
237 598
116 176
468 350
154 496
214 346
452 324
435 321
474 429
95 497
413 620
614 212
406 349
442 340
302 478
293 514
359 569
272 359
137 270
197 593
323 611
163 401
332 423
528 270
269 270
275 537
13 431
573 214
652 202
410 637
341 684
385 282
386 303
236 519
692 310
193 612
529 249
163 150
463 557
211 204
428 518
254 176
322 388
628 315
631 627
387 580
622 404
355 177
494 148
598 458
432 114
135 642
589 138
112 387
472 321
404 608
470 525
339 562
325 293
369 48
592 402
361 139
385 510
510 518
316 454
183 269
508 306
691 357
385 148
413 387
611 510
483 153
283 260
18 465
475 244
316 227
306 731
655 211
459 716
138 401
609 170
406 238
319 621
255 383
447 232
191 368
388 596
101 356
142 504
325 360
120 522
280 584
250 483
453 537
727 364
256 434
501 231
563 206
608 506
461 50
305 666
443 460
441 247
455 601
109 279
132 454
540 143
491 638
656 343
628 435
427 479
424 74
419 708
492 147
329 626
473 26
506 743
664 420
464 446
352 556
369 412
278 233
509 235
560 125
372 371
413 198
510 458
152 174
269 234
356 647
538 208
301 552
375 126
481 236
413 248
244 300
286 33
486 674
396 419
416 411
211 512
492 453
341 143
426 216
421 584
439 19
543 740
246 312
412 375
549 313
302 334
212 627
428 515
572 273
450 505
328 577
491 151
337 291
502 565
350 123
514 612
236 559
390 767
165 697
680 578
728 470
428 306
291 344
272 358
657 363
345 299
480 562
289 666
586 219
187 393
298 376
113 451
174 298
256 211
548 527
198 190
511 607
519 348
548 565
464 703
588 553
300 361
127 299
464 420
39 270
392 217
446 514
273 744
59 572
291 354
524 364
485 576
607 380
300 329
570 304
524 562
414 648
425 651
651 280
548 255
389 479
168 217
539 391
322 323
332 414
259 459
401 376
503 299
185 654
719 397
347 422
358 136
265 250
171 558
289 509
272 418
406 151
615 440
457 476
332 449
216 742
505 641
319 351
617 446
335 152
543 157
270 604
390 408
279 293
414 222
568 435
662 461
556 737
379 460
517 264
503 154
318 112
180 396
237 558
417 224
515 590
348 567
375 406
434 365
507 382
516 640
228 506
253 740
445 127
501 360
398 474
424 558
632 370
529 406
69 466
142 313
400 434
426 639
285 321
689 424
88 523
270 250
424 424
546 99
214 622
503 305
384 342
449 271
643 310
347 400
502 469
486 286
263 563
321 600
339 77
111 214
399 564
391 321
420 254
132 273
539 717
367 636
345 289
371 306
574 133
660 501
198 461
349 404
424 340
406 183
491 606
564 365
510 366
707 398
516 278
304 342
486 492
423 301
438 328
529 126
289 511
589 569
569 481
592 434
443 316
726 226
676 414
477 163
143 300
565 626
347 548
252 411
61 568
264 159
81 569
142 442
638 508
253 143
667 204
259 412
140 282
597 428
485 493
553 683
360 354
670 383
239 447
442 104
633 311
167 222
86 368
543 713
496 647
299 186
350 564
147 543
413 78
389 234
531 234
627 444
551 230
500 410
384 613
534 111
515 458
496 393
236 237
449 275
152 669
619 452
463 381
415 319
201 405
246 519
191 191
287 192
657 378
423 562
209 584
120 492
426 80
450 414
482 536
483 391
563 415
71 351
501 311
319 413
316 601
588 499
544 336
424 384
385 579
473 610
140 442
381 432
700 476
496 84
386 431
642 544
319 440
400 85
613 238
627 703
312 429
152 290
134 231
539 587
55 487
513 429
209 422
268 764
492 313
104 214
723 417
567 324
213 156
594 101
471 134
339 670
617 275
444 141
236 114
431 19
276 489
264 349
468 574
481 321
572 180
242 427
529 333
658 359
418 255
180 385
194 157
428 49
355 659
190 400
370 505
428 353
571 379
477 352
233 400
501 109
221 187
413 83
359 502
673 344
576 135
585 393
268 432
341 46
249 389
508 524
317 555
366 222
411 362
237 452
107 148
543 472
460 341
630 396
462 240
431 427
192 560
269 720
711 437
625 555
405 291
26 351
319 390
121 300
219 167
717 483
157 643
437 223
407 430
37 540
528 580
184 143
382 470
523 436
343 196
708 414
373 565
394 268
525 689
317 253
526 274
175 386
413 290
206 506
247 342
268 769
654 316
655 635
648 430
354 372
319 724
755 399
77 172
334 614
191 430
516 387
448 447
316 324
465 242
736 467
325 341
334 277
195 597
520 301
551 223
344 762
262 381
136 137
279 198
613 365
148 242
249 249
433 173
333 302
553 254
213 608
521 492
385 532
383 413
238 553
541 157
327 202
355 612
369 552
675 270
425 305
346 301
51 475
442 270
320 298
308 633
39 441
303 268
313 390
684 590
207 394
243 416
469 201
682 190
37 420
492 172
159 448
305 163
765 461
680 139
578 587
170 521
680 472
549 419
279 278
462 344
648 413
720 419
356 420
572 359
527 639
171 471
447 294
343 417
563 179
444 444
376 325
243 233
459 385
137 678
213 517
200 685
424 787
244 328
259 347
465 576
365 170
435 468
411 230
521 244
509 194
241 509
405 413
58 217
526 512
336 480
508 642
240 303
389 223
415 374
163 334
752 340
222 634
159 609
523 392
352 648
328 395
459 396
383 349
67 583
312 669
294 505
137 269
552 420
359 583
344 270
388 179
543 309
245 299
281 422
560 623
596 636
138 404
471 413
600 641
416 372
495 573
608 259
681 383
187 503
698 266
385 171
443 331
237 72
522 350
332 629
353 304
296 760
319 402
355 594
346 407
103 310
394 370
483 323
637 102
391 529
356 691
266 65
330 254
247 354
338 529
308 706
684 325
555 587
446 388
197 181
278 463
206 240
669 595
348 440
601 349
500 749
399 589
554 361
257 235
130 458
342 25
434 110
705 334
522 68
558 231
374 462
499 484
433 340
532 568
420 114
376 406
265 110
270 715
621 312
103 470
443 597
425 29
153 389
237 262
630 245
398 267
418 228
621 656
504 319
586 261
435 297
334 475
163 225
521 509
325 421
376 769
286 116
541 245
33 295
343 321
471 489
373 741
457 219
616 318
581 593
316 507
394 293
93 605
466 250
40 367
491 529
361 445
100 287
469 300
367 638
398 281
364 717
439 446
565 62
602 615
445 246
280 78
179 426
344 419
517 718
234 263
285 358
163 557
242 717
515 459
640 243
305 383
136 153
360 140
108 567
569 50
269 275
669 571
479 553
628 252
598 299
473 216
681 236
652 472
130 146
393 641
517 108
254 564
505 720
450 217
321 464
379 549
404 417
488 386
350 673
406 288
483 513
493 275
444 724
466 645
506 292
276 565
302 448
418 593
248 183
678 516
144 186
180 294
459 310
715 489
181 705
446 355
663 514
166 628
432 492
616 346
575 439
361 498
512 617
115 404
543 82
58 523
419 331
251 240
640 475
124 518
403 156
401 580
425 733
462 681
147 419
272 133
507 342
547 432
257 385
247 638
310 221
366 467
472 507
682 423
241 257
190 215
372 386
639 685
116 409
273 208
493 390
34 288
595 402
366 179
364 302
184 264
134 423
261 233
200 385
168 349
301 271
500 421
537 528
245 697
135 338
409 527
492 725
277 462
431 564
327 627
371 234
221 339
139 361
486 202
620 443
380 226
110 219
79 194
440 597
251 35
223 344
260 344
270 187
719 348
264 589
492 482
486 522
279 508
302 474
477 311
378 630
149 509
397 448
105 376
254 425
510 326
493 476
286 559
590 641
476 534
211 300
163 448
432 438
141 662
523 427
339 507
566 429
465 142
528 300
309 551
400 364
274 433
586 456
217 283
345 622
465 185
630 453
535 744
308 412
467 356
505 612
287 408
264 172
663 158
768 363
433 101
183 473
682 138
459 755
539 564
348 488
547 543
698 392
345 51
557 574
132 588
558 511
685 616
371 98
341 183
334 440
184 445
366 102
580 402
595 364
171 178
404 787
361 178
226 675
478 536
592 84
546 221
531 386
314 518
309 494
353 473
85 541
625 376
570 239
581 266
470 129
412 47
666 389
283 595
439 442
223 249
200 648
369 278
71 532
289 420
397 444
346 153
413 499
726 250
638 311
688 481
324 191
41 494
182 499
557 670
224 487
386 633
493 393
652 206
391 498
12 420
411 712
468 238
585 556
564 185
340 514
245 407
548 564
139 395
139 235
279 733
477 469
518 473
296 400
253 664
247 531
499 406
279 413
647 529
300 650
564 122
273 596
219 469
313 133
527 532
663 387
47 269
285 491
599 422
208 499
329 592
593 435
461 43
258 53
462 232
189 313
335 323
495 170
344 318
85 440
770 497
540 356
323 282
120 153
458 510
150 471
20 488
417 236
490 736
507 675
605 371
418 208
539 393
446 224
653 193
241 394
455 438
479 220
568 462
220 215
290 359
472 144
609 271
597 318
349 147
519 431
670 259
424 183
630 300
497 204
635 435
210 91
414 601
271 384
403 513
318 277
146 173
277 79
136 257
251 296
338 213
481 595
525 76
581 246
260 185
265 651
309 468
299 472
232 208
425 628
305 353
445 469
360 320
555 353
288 312
521 500
525 124
123 383
668 605
360 394
547 510
505 444
204 555
494 450
149 625
624 96
83 636
51 313
536 464
513 483
674 412
275 486
391 80
547 383
219 387
315 568
478 242
292 171
388 338
258 34
255 452
279 468
516 80
355 572
336 278
241 152
103 479
355 167
456 553
255 137
491 714
298 348
405 603
477 532
405 614
85 534
632 345
191 444
578 530
407 213
366 309
501 200
514 642
342 531
162 573
269 144
313 546
266 190
564 521
341 336
500 280
466 622
242 332
281 302
539 130
528 349
141 350
425 713
251 145
598 397
432 74
515 746
420 259
490 318
678 491
172 197
288 362
447 652
365 527
427 512
519 565
583 413
462 502
61 287
237 681
684 172
354 427
476 186
372 404
253 369
486 400
12 334
584 329
250 223
209 305
233 535
147 204
613 352
334 467
104 270
402 404
207 442
216 363
361 477
396 177
469 47
264 353
416 325
325 176
165 626
389 310
340 539
556 453
425 120
436 264
197 387
503 676
166 340
491 447
550 404
70 403
601 624
269 129
320 649
516 163
286 393
625 381
309 710
137 176
549 537
618 385
137 360
653 493
427 432
141 682
273 623
180 302
536 239
541 97
387 59
400 371
98 365
546 626
585 283
333 551
293 468
332 434
390 198
486 355
286 501
446 469
695 367
441 22
382 589
179 546
176 539
296 313
535 523
367 699
184 351
292 155
410 381
506 448
423 377
271 637
491 445
187 216
548 603
365 569
179 713
419 218
667 293
517 470
316 283
286 250
397 457
203 655
237 418
449 324
588 600
477 157
111 590
617 582
323 246
206 585
351 476
97 252
452 460
285 714
593 353
177 625
430 461
236 146
223 535
487 296
304 632
194 334
245 471
374 549
535 522
411 471
588 264
656 111
187 360
436 491
431 669
191 523
247 598
500 308
433 391
75 268
569 710
747 354
77 441
647 243
469 545
581 317
240 307
662 232
53 417
424 369
425 388
357 214
397 369
390 323
203 679
575 209
334 489
630 520
403 612
446 376
462 465
315 342
600 528
591 557
391 531
407 630
668 454
374 474
532 335
225 236
515 365
372 161
180 597
375 769
759 331
106 240
620 502
246 406
477 319
589 448
296 301
419 293
445 337
480 683
236 93
457 252
529 495
314 475
327 419
153 677
145 180
501 573
582 376
257 448
596 432
222 404
581 300
189 445
338 450
476 146
255 602
568 372
372 726
132 611
333 660
168 453
352 147
524 266
371 128
522 714
243 576
353 526
518 564
639 365
95 490
625 533
325 348
494 490
170 451
725 508
470 197
273 537
127 657
273 570
263 344
206 646
150 687
405 388
572 235
312 546
66 415
555 658
557 67
195 474
180 436
266 186
268 601
176 392
636 340
119 348
566 493
474 157
393 543
72 405
397 625
301 67
211 561
202 398
544 246
426 213
636 716
446 359
397 35
161 180
511 485
265 401
246 420
535 302
244 124
236 351
172 512
282 179
315 248
519 126
707 186
728 376
120 539
276 408
611 316
282 624
333 334
482 328
590 89
574 45
442 380
597 69
253 485
208 579
395 422
345 72
516 454
426 504
247 200
170 313
455 11
425 484
460 598
398 425
280 401
364 474
364 183
381 581
181 114
53 287
384 397
349 421
430 375
441 406
276 561
408 633
296 628
481 239
39 292
94 315
112 161
431 385
202 256
432 249
240 488
166 535
286 218
366 402
496 616
371 241
580 527
540 293
304 541
505 318
429 415
367 464
392 455
294 464
363 130
674 403
409 497
186 618
637 126
240 243
537 205
493 413
708 408
256 729
379 188
402 107
285 454
465 429
273 289
466 324
571 321
144 317
270 562
395 715
487 355
417 29
129 510
517 345
361 480
770 359
536 99
637 145
167 596
290 137
181 85
492 579
367 445
149 132
555 339
594 136
243 331
313 117
336 262
656 223
122 310
156 437
351 417
372 312
530 189
193 415
363 544
39 272
316 623
577 251
43 248
320 350
235 414
210 482
427 596
424 375
471 227
407 289
392 134
460 362
421 147
578 516
516 461
560 240
100 486
205 188
472 142
339 431
273 696
612 111
494 417
329 321
250 308
413 96
358 310
371 151
376 285
447 328
289 532
351 338
195 551
620 514
356 398
552 218
578 385
311 162
227 523
670 365
421 692
28 479
228 534
300 628
489 341
408 658
486 85
575 428
121 640
513 351
682 266
425 711
409 715
343 502
417 394
625 228
598 400
534 234
265 540
558 478
692 489
483 501
427 485
201 411
269 411
718 207
410 335
251 590
632 194
186 261
328 499
504 369
775 366
580 452
560 410
391 301
115 552
583 447
334 479
312 327
475 306
501 370
92 309
190 330
399 489
265 377
645 392
464 698
706 432
644 203
206 418
296 243
462 173
525 380
231 426
411 31
199 268
578 203
357 359
497 295
589 704
338 152
611 209
304 229
158 602
414 494
707 440
506 282
147 295
742 466
544 683
523 624
563 352
308 644
396 241
310 308
221 273
372 351
234 319
510 710
664 204
501 677
384 85
281 585
229 579
259 496
392 629
670 389
452 352
614 303
130 546
560 523
598 339
302 397
586 310
489 301
345 567
318 203
141 435
294 772
615 610
562 436
104 394
430 633
277 198
122 620
533 398
299 392
417 771
350 251
422 271
595 177
334 530
414 585
333 377
390 562
360 456
497 154
581 267
266 527
629 354
400 268
220 176
566 559
394 95
405 377
432 526
234 662
163 470
468 377
333 677
177 542
218 68
249 104
542 333
582 254
502 555
387 469
553 306
568 548
274 278
551 503
172 417
455 393
290 626
251 602
535 451
361 472
465 485
387 564
267 413
494 291
611 244
336 365
333 352
524 477
401 683
422 285
379 475
319 532
270 281
414 361
585 400
169 524
327 249
334 292
428 148
406 320
419 500
59 542
207 519
458 426
471 672
408 709
693 618
171 116
406 411
502 272
400 472
246 168
404 315
500 555
64 271
528 495
568 112
630 117
348 375
769 295
401 614
232 567
208 346
444 230
558 608
658 332
418 393
114 437
457 298
428 491
270 413
661 314
286 429
515 393
233 430
555 493
160 534
217 69
358 381
295 389
576 647
193 349
599 445
355 585
689 150
360 415
171 106
392 296
568 489
91 311
397 442
436 464
501 580
165 548
332 222
119 250
323 158
475 489
270 740
309 109
599 474
365 323
541 640
414 344
453 228
133 209
564 415
103 148
265 560
261 156
370 429
359 309
582 554
459 297
28 450
102 355
359 275
238 194
434 271
458 462
426 278
167 177
317 653
536 206
293 634
324 378
144 407
200 468
486 395
502 392
545 464
748 375
489 646
463 290
348 449
438 710
437 695
304 259
461 234
478 638
430 647
293 115
128 434
448 314
120 247
285 388
514 487
108 292
663 400
123 454
126 386
278 176
216 324
221 473
246 459
333 692
146 571
43 473
557 407
391 578
441 560
293 753
315 371
331 554
124 480
96 313
316 330
574 395
190 577
439 702
363 306
527 773
313 671
123 410
439 444
560 139
515 547
206 366
297 452
612 277
519 381
324 447
416 175
580 407
515 203
528 459
343 195
178 395
398 520
477 600
341 614
588 296
561 504
476 239
220 448
239 719
562 705
197 710
302 131
611 195
241 564
25 436
619 689
521 208
566 327
104 301
685 209
417 384
478 416
112 500
669 528
124 530
329 652
345 286
445 475
348 245
550 625
427 430
152 205
114 381
96 400
282 184
382 499
413 205
67 402
606 556
332 695
603 208
206 471
47 305
266 140
326 371
409 299
341 304
240 342
468 339
589 588
478 434
622 77
387 319
458 113
434 716
301 448
465 538
612 381
388 269
476 425
167 553
685 534
447 368
757 346
352 300
271 295
548 102
306 132
584 388
288 622
401 260
174 630
69 350
433 583
436 139
604 373
277 494
285 561
479 430
139 669
201 444
258 468
271 752
225 253
168 622
443 681
181 255
553 270
440 391
511 494
600 451
239 527
476 586
497 717
349 764
298 195
433 504
518 285
605 331
166 424
657 621
533 580
121 196
289 309
177 397
471 517
382 349
48 312
239 150
420 562
443 314
88 454
717 475
196 287
686 204
28 406
386 263
340 552
412 129
293 345
333 389
101 437
332 206
236 322
371 271
636 469
472 179
325 61
148 614
346 772
244 228
470 745
597 458
285 250
83 379
417 301
653 214
415 384
462 556
141 625
423 244
330 590
380 92
496 596
429 426
243 660
186 309
173 561
363 343
358 108
422 466
424 306
581 341
194 384
584 263
161 620
735 217
492 449
337 389
651 408
394 509
244 576
305 531
313 462
415 511
680 259
336 766
605 116
548 459
482 383
345 439
366 314
180 391
263 263
257 98
653 485
438 595
542 388
385 382
402 441
402 157
516 394
508 451
585 289
427 155
261 574
599 493
455 597
614 118
358 527
369 345
152 308
367 380
156 656
456 127
372 248
294 267
180 458
389 275
153 485
408 307
577 620
210 668
461 280
373 371
678 141
393 537
377 571
550 341
397 523
567 259
385 63
174 243
543 758
379 231
410 50
587 682
488 584
461 462
610 475
528 88
413 635
96 282
653 477
414 369
222 487
361 545
355 557
414 593
515 389
498 217
186 376
553 666
345 508
441 275
403 94
290 203
477 614
439 567
469 246
601 364
145 388
501 634
345 116
557 78
554 319
531 437
352 420
727 374
409 788
231 313
737 391
322 140
202 310
548 287
674 377
609 154
655 376
296 250
369 548
445 434
149 638
640 661
474 428
102 237
541 143
605 427
244 362
291 135
546 335
319 350
401 489
490 604
401 34
310 440
369 344
654 660
164 297
707 276
498 303
354 571
505 385
611 117
198 311
628 561
579 214
345 252
396 683
262 235
591 429
218 251
71 407
135 394
454 182
521 467
341 499
746 333
625 427
254 325
645 595
772 353
557 38
529 499
540 86
332 546
460 482
151 415
461 375
471 28
296 623
470 509
609 410
419 375
374 174
291 327
649 427
394 317
417 239
653 115
238 401
704 332
580 223
282 449
449 538
598 325
610 312
362 140
51 260
519 170
517 268
693 406
422 269
350 305
296 580
323 482
551 208
383 650
322 273
156 341
168 478
467 334
510 407
230 283
471 284
342 310
434 454
101 642
282 521
331 315
495 330
564 335
363 431
594 502
181 541
416 687
332 167
387 505
435 161
14 366
189 510
406 185
179 198
492 349
576 648
541 203
525 336
148 355
157 499
369 407
302 330
430 439
229 632
239 140
251 251
342 708
548 529
256 385
485 572
524 582
499 334
578 181
171 298
360 142
343 242
305 585
341 428
261 562
456 241
375 141
593 677
291 300
463 119
687 363
429 603
304 316
170 626
587 572
646 507
633 470
279 119
516 553
380 481
615 492
549 605
170 423
427 639
295 514
764 471
172 187
396 706
238 201
144 226
161 192
320 130
731 441
467 512
222 627
528 471
578 258
594 487
201 326
611 135
450 598
489 533
589 481
346 639
582 601
431 543
189 274
226 429
161 269
534 315
443 463
538 93
361 426
650 403
346 685
343 635
462 615
294 319
499 717
293 146
115 414
685 251
372 467
152 678
526 272
710 523
679 256
126 301
520 558
362 187
530 209
455 395
289 187
201 258
271 361
616 294
655 688
576 496
401 538
362 479
542 730
283 655
482 326
373 303
344 514
335 422
81 534
317 709
309 248
571 488
70 598
392 359
303 591
303 424
549 239
444 242
164 438
238 384
573 434
575 228
336 151
416 414
294 412
482 549
488 136
408 112
397 357
539 573
375 386
570 340
401 542
192 273
437 431
632 346
478 754
537 231
503 246
304 462
99 625
222 507
635 656
522 219
610 526
170 479
173 462
649 404
701 356
590 196
449 451
601 238
329 216
225 275
253 609
435 115
380 506
382 207
283 251
166 315
371 188
277 512
412 346
392 140
214 318
507 667
293 382
416 751
507 592
312 223
345 490
481 260
169 248
678 485
524 627
384 21
388 658
338 760
117 265
328 275
588 630
92 299
146 256
191 175
365 184
421 547
423 368
244 309
549 595
374 229
384 592
528 339
146 346
180 315
494 434
155 297
380 238
370 372
534 385
339 389
560 569
567 401
374 557
113 424
356 660
412 459
203 241
540 99
421 444
485 483
658 623
605 96
425 474
427 726
495 442
224 411
490 138
411 402
341 202
495 601
346 99
749 215
322 128
373 711
257 242
516 114
243 461
445 666
454 392
331 285
593 197
339 631
382 392
355 85
287 481
530 507
344 460
409 390
376 491
418 409
604 568
296 615
737 336
633 635
497 497
458 474
98 224
326 488
555 562
362 563
393 468
180 280
328 203
420 730
299 680
373 480
221 215
350 529
101 628
175 355
484 770
492 210
502 538
386 481
98 242
492 523
767 444
526 360
457 429
474 592
236 439
90 402
402 377
389 390
462 459
372 321
376 242
394 144
248 250
641 254
345 778
244 269
451 279
395 85
324 75
701 614
411 596
329 324
705 343
201 572
196 528
674 435
325 35
481 634
239 578
232 570
457 589
460 311
542 302
450 286
402 474
722 422
233 92
349 252
365 475
242 370
101 282
760 386
609 503
390 718
512 455
735 473
504 431
440 688
55 378
242 341
317 421
185 318
152 373
608 167
536 272
628 319
430 549
299 598
138 452
394 271
501 533
185 312
494 598
290 143
314 462
564 229
360 600
480 31
441 314
226 242
355 500
517 350
611 330
452 454
479 384
394 344
349 272
420 212
275 214
358 176
249 388
624 216
190 426
725 209
151 179
437 219
306 775
647 638
285 124
199 378
264 668
241 451
119 386
494 398
571 401
134 189
628 303
193 270
424 381
187 549
655 637
444 616
449 415
536 540
171 264
546 534
74 217
774 284
474 469
611 350
131 426
451 328
367 411
266 593
400 449
288 545
653 372
254 383
450 671
383 601
129 343
521 347
492 670
494 284
762 541
530 422
282 187
311 313
657 309
599 659
646 511
148 107
458 203
402 451
522 682
256 345
227 189
371 786
284 388
178 545
290 302
286 102
478 248
377 675
402 530
365 20
487 568
420 380
554 455
313 391
412 325
592 300
586 424
225 392
198 111
298 459
292 218
459 594
158 192
355 444
101 465
371 346
518 115
221 354
370 212
308 660
444 449
159 515
280 114
542 577
707 403
463 507
687 346
390 383
299 378
335 718
370 208
664 283
270 280
84 404
100 363
344 530
201 627
411 427
560 403
296 534
370 539
366 351
47 550
357 440
500 275
356 466
267 525
84 439
454 680
597 438
585 446
198 381
652 390
227 348
631 232
345 614
674 498
577 630
227 675
436 509
287 509
403 759
478 213
194 263
201 687
728 382
333 558
479 669
218 289
558 582
253 577
344 751
189 457
445 284
520 73
415 451
420 647
444 204
733 204
237 169
261 523
157 562
421 269
91 258
508 362
555 52
483 255
766 336
190 677
276 426
577 231
250 311
416 182
640 281
418 94
269 544
397 538
620 354
397 711
456 394
568 203
451 581
498 442
663 541
637 291
239 618
404 204
562 416
695 547
288 518
446 273
285 299
231 530
476 391
664 529
689 501
179 323
740 316
585 606
282 474
369 387
305 223
489 525
264 210
237 752
345 674
223 449
396 535
171 540
529 241
458 541
383 699
310 174
437 470
439 241
369 452
358 535
441 233
719 271
478 167
246 212
416 726
538 302
338 353
260 253
249 406
514 411
67 309
596 392
569 365
606 501
667 564
577 633
179 129
685 362
392 522
685 154
441 376
499 105
484 508
368 239
264 523
374 425
277 136
408 106
368 306
238 331
259 182
141 626
600 472
474 317
495 691
365 320
330 237
479 496
110 479
62 530
109 399
248 618
361 22
283 583
448 323
548 641
458 246
270 439
380 561
702 520
302 394
282 572
414 589
255 271
520 479
56 346
605 443
491 212
532 455
349 543
341 126
249 329
542 511
597 734
549 330
407 557
690 436
745 381
299 174
505 122
507 641
396 386
246 497
591 260
225 437
401 380
391 619
308 353
516 532
387 639
353 284
531 520
439 708
492 410
583 283
412 342
319 62
153 434
543 365
572 556
303 119
389 448
439 412
394 535
626 313
104 532
609 506
175 237
615 256
694 492
343 394
546 525
136 353
645 349
193 295
20 368
186 197
524 328
360 292
164 431
205 331
543 432
445 290
382 448
507 206
556 122
185 475
605 279
240 198
559 553
314 146
507 685
367 420
489 214
391 252
350 367
382 364
349 469
80 429
352 80
457 268
439 255
684 466
325 166
506 614
531 289
711 229
170 593
568 465
344 496
497 411
206 559
195 423
575 234
428 44
299 588
252 458
234 385
406 691
282 325
219 645
465 190
188 599
351 234
527 383
392 700
90 508
526 464
274 362
415 489
474 430
215 425
291 401
525 569
284 509
371 575
439 352
260 161
345 411
431 658
462 706
565 313
354 396
520 188
631 407
324 566
150 421
386 620
324 759
385 426
369 525
224 475
488 684
349 510
178 387
488 467
202 213
379 493
144 518
481 419
671 584
429 71
630 683
249 707
158 416
377 349
623 360
263 288
505 21
529 278
418 367
497 424
461 377
444 416
130 241
515 387
295 468
342 407
299 447
368 693
693 547
698 279
225 481
238 641
227 221
218 136
350 637
572 595
288 754
440 201
685 268
127 332
770 415
549 423
576 663
493 492
208 283
305 639
593 322
215 711
530 406
718 313
396 293
232 434
35 405
243 165
411 707
572 594
323 459
346 610
302 206
478 396
447 463
247 244
438 154
324 628
698 473
361 277
444 665
33 315
577 262
397 456
147 483
455 143
366 269
628 305
208 90
554 487
626 115
21 414
507 312
22 283
571 462
475 126
154 399
265 156
454 314
212 490
233 119
549 302
483 277
339 259
642 372
340 264
321 197
548 358
652 351
88 194
667 473
238 185
267 165
594 443
590 311
480 239
631 442
204 265
277 284
212 352
325 490
158 573
371 736
531 183
586 206
509 245
223 99
256 225
321 247
388 613
643 430
336 394
616 461
502 135
285 305
335 494
498 545
525 658
273 487
220 318
54 441
486 328
446 518
651 631
385 553
519 459
577 557
110 380
170 409
593 650
146 351
325 385
489 540
415 368
291 295
453 370
343 633
235 341
292 669
527 178
361 656
607 448
659 533
241 738
483 502
275 596
441 438
493 206
160 543
420 382
532 151
585 228
295 484
200 440
378 557
254 486
343 371
277 230
531 641
299 353
514 459
341 207
416 503
327 468
342 568
569 332
403 362
98 307
582 340
613 402
473 582
404 370
583 604
692 463
401 118
710 159
381 369
588 406
437 196
448 369
480 342
645 221
382 56
765 373
286 360
381 302
265 369
619 316
409 118
382 182
587 209
236 505
166 354
489 400
372 709
445 393
402 149
491 495
434 204
388 376
425 467
101 521
500 466
656 367
231 753
271 406
651 523
520 498
112 561
142 330
359 627
155 541
552 298
480 338
249 366
522 716
180 286
359 487
251 329
626 181
343 552
334 423
293 393
388 175
654 388
745 500
381 637
615 645
456 589
224 657
126 325
436 301
768 501
686 184
317 465
282 551
501 395
538 206
118 215
89 245
260 449
324 439
401 643
349 503
285 544
94 205
137 230
378 608
316 694
229 365
364 552
332 192
454 294
293 510
509 256
316 409
393 384
300 327
484 540
512 515
254 587
109 482
497 182
60 387
435 496
265 154
628 293
449 40
509 313
533 68
234 616
571 512
620 322
404 561
296 379
322 444
597 388
164 202
505 29
328 295
465 427
440 443
128 366
477 524
473 64
167 312
272 126
536 432
738 296
230 365
520 524
483 306
93 230
418 143
331 485
192 616
431 591
417 326
338 303
157 327
103 409
511 410
89 550
213 313
741 412
173 357
549 579
528 341
359 448
203 645
437 323
164 626
220 236
200 181
644 500
343 332
374 530
579 461
654 505
366 363
281 167
695 425
721 388
659 400
420 482
77 448
587 357
124 178
575 474
357 556
462 429
287 143
272 411
358 351
514 441
595 355
572 590
262 223
523 67
493 523
345 322
439 155
163 204
143 207
498 672
391 504
598 254
396 106
368 530
334 90
216 360
408 601
348 407
241 382
371 194
403 381
431 242
478 313
596 155
593 282
475 381
60 404
523 329
476 594
428 113
576 213
201 342
483 195
353 302
176 516
414 117
466 255
617 444
582 360
488 396
399 241
562 449
521 484
261 235
147 436
86 638
360 249
471 294
637 279
363 325
460 466
633 652
326 124
341 222
388 336
318 668
640 384
174 525
127 362
536 520
360 525
365 217
639 377
253 565
313 589
652 412
222 243
230 75
660 398
532 242
501 578
277 405
452 267
279 337
258 559
411 169
436 523
201 213
618 406
453 518
179 301
196 197
296 535
305 167
379 260
524 495
607 510
76 460
319 496
102 201
668 281
541 750
553 573
627 77
460 365
346 347
348 503
415 494
326 215
257 180
345 237
249 364
227 225
366 479
197 82
557 274
98 479
239 98
512 77
618 255
686 209
65 597
418 499
450 405
455 304
200 234
147 327
696 342
413 110
573 455
333 726
322 73
182 313
481 681
260 267
475 588
232 596
584 497
276 617
490 371
127 221
362 207
424 605
399 205
573 264
301 569
641 372
343 790
489 351
294 405
81 220
537 309
560 478
764 390
258 301
385 633
292 307
235 550
405 633
297 134
434 227
491 180
351 362
256 313
350 583
590 193
568 392
371 252
284 439
169 365
411 508
346 353
599 628
165 559
431 140
583 692
298 425
495 624
584 365
377 638
540 494
334 190
469 355
605 491
445 241
399 276
242 254
185 360
561 332
566 718
306 400
645 409
130 204
501 149
98 592
118 299
429 389
58 284
515 208
391 290
544 156
64 320
616 301
274 324
210 188
229 443
439 501
178 605
615 481
395 334
599 232
435 474
383 51
321 589
392 557
402 438
525 396
383 389
487 162
224 438
181 125
690 481
361 368
204 248
313 615
87 508
598 358
529 691
720 503
607 711
187 559
437 349
282 397
126 532
146 559
366 612
444 379
348 388
413 317
495 263
574 344
476 697
322 322
157 492
343 638
307 180
307 67
639 470
337 589
411 419
349 559
387 414
207 426
353 220
409 350
431 143
276 302
260 572
67 322
751 315
625 520
369 193
667 292
373 379
133 478
297 124
357 10
292 399
482 397
613 343
706 200
436 395
790 456
591 551
361 559
596 331
198 472
588 431
373 423
386 269
284 502
143 280
293 456
158 312
366 306
463 86
342 481
462 326
532 346
502 131
621 429
415 692
643 367
245 710
445 668
463 176
555 478
167 519
506 381
419 73
359 216
442 317
218 111
369 161
351 643
428 410
395 491
393 189
725 457
430 37
515 132
229 232
416 441
567 493
312 349
289 609
485 238
420 145
311 320
103 570
470 267
297 474
402 287
511 67
377 522
173 596
234 352
216 269
491 344
347 262
454 101
665 581
243 478
266 356
680 370
599 61
315 233
459 222
420 679
344 557
689 527
263 280
389 430
548 461
331 555
422 463
319 488
154 217
318 366
556 682
423 364
594 459
542 446
351 511
459 397
150 455
163 539
391 85
318 231
657 357
478 177
332 578
288 504
374 316
513 258
469 335
528 557
123 433
142 273
754 466
608 326
313 420
303 151
476 148
226 301
561 287
481 275
507 500
639 416
472 389
333 413
456 288
385 595
111 168
658 597
658 333
656 166
560 287
248 59
183 341
302 566
442 547
72 493
563 418
615 701
265 171
499 68
267 47
512 507
231 385
216 555
752 500
220 343
386 312
138 597
381 136
199 166
501 520
486 77
625 693
411 439
568 516
243 448
611 576
506 314
340 345
603 559
674 572
621 378
735 595
531 539
642 241
367 149
410 268
514 539
557 279
300 446
291 665
469 372
375 417
422 475
356 552
387 345
351 669
254 621
562 581
322 241
346 308
388 623
413 138
361 527
297 28
610 229
504 579
307 610
484 730
409 319
270 352
197 505
372 47
84 277
576 452
619 313
394 313
502 404
247 476
533 592
565 382
434 733
521 314
239 256
705 395
601 119
219 191
533 643
438 491
347 393
173 328
708 456
385 482
301 436
335 118
118 358
586 289
331 626
514 468
286 430
716 313
94 585
627 515
649 418
578 573
441 571
460 631
413 405
274 695
429 139
291 253
71 234
378 421
541 142
244 225
264 162
497 365
579 634
232 172
272 547
389 363
79 246
222 483
370 766
177 336
777 398
446 422
642 582
571 612
305 127
651 585
694 574
537 319
556 260
215 644
147 514
466 356
353 508
419 280
564 678
384 385
513 625
317 407
230 499
255 678
720 264
413 583
358 371
124 584
121 210
616 209
133 580
559 287
339 522
350 434
376 159
567 258
464 772
607 409
531 557
586 272
70 349
261 93
375 412
322 235
534 217
291 250
252 330
534 670
542 467
600 483
177 364
192 305
373 550
246 536
523 249
667 404
358 283
33 458
426 333
598 709
318 718
212 549
432 421
338 42
436 505
613 328
458 346
610 276
373 642
292 424
240 135
424 731
292 95
449 425
346 320
483 204
746 393
706 454
310 189
399 575
275 736
342 205
175 323
746 559
564 143
263 495
600 390
526 215
139 276
212 427
406 399
510 203
331 277
214 212
473 263
276 303
488 315
773 272
550 345
116 532
193 240
362 743
629 221
542 282
393 103
697 418
305 603
588 307
656 398
196 209
408 346
591 437
452 607
700 608
404 158
401 664
336 475
419 156
422 24
117 635
475 389
176 341
257 436
512 487
529 454
738 338
229 323
210 597
643 505
455 759
525 253
611 627
575 313
559 715
190 464
141 439
615 107
605 603
412 256
393 182
318 395
603 409
411 668
657 482
488 517
560 604
147 383
201 688
144 449
342 500
153 475
280 233
536 592
411 270
564 696
277 682
540 209
585 540
436 468
348 191
115 344
436 627
479 319
573 619
599 687
213 600
62 508
139 294
568 715
472 378
435 465
299 198
420 375
410 635
340 81
620 162
622 419
314 405
513 489
83 427
489 258
552 509
614 297
461 447
523 568
351 646
346 381
303 334
110 467
429 598
469 332
320 469
484 384
593 480
245 553
479 538
95 181
584 326
550 666
314 409
534 170
159 414
528 428
381 370
277 618
195 184
779 324
555 300
497 73
268 365
305 767
52 269
118 334
373 555
464 242
524 493
411 265
93 187
205 187
269 174
271 602
221 134
551 354
105 322
378 717
643 372
503 384
499 530
339 189
532 157
540 268
143 363
194 285
404 390
326 100
266 564
565 397
260 321
620 250
116 385
582 534
390 428
328 585
359 109
62 420
232 322
477 522
523 261
431 112
499 493
430 722
455 276
417 289
529 331
209 183
377 138
436 397
653 406
679 411
317 416
235 281
558 668
513 687
344 379
481 482
564 373
461 201
449 526
391 216
484 287
569 357
497 282
253 515
371 422
301 514
203 625
441 634
519 252
211 696
166 384
463 151
456 320
702 515
401 275
651 482
352 538
624 348
651 215
577 208
395 243
542 538
761 332
187 564
283 286
219 452
272 578
206 574
399 460
411 437
577 346
227 343
359 481
364 353
288 330
258 293
27 465
683 275
389 628
270 240
624 381
239 715
245 614
479 638
228 564
310 160
393 184
160 472
786 440
279 592
328 625
79 428
550 500
424 320
232 359
444 757
372 333
270 529
508 230
326 536
789 332
521 384
454 367
372 410
623 376
433 679
262 313
583 418
475 509
165 505
330 350
396 363
495 312
753 402
563 521
699 402
187 533
155 374
501 435
360 375
604 294
373 420
67 192
326 377
181 489
118 424
346 541
380 513
492 719
180 311
335 230
394 730
478 667
282 231
344 347
378 64
722 627
334 340
535 390
347 459
296 320
109 503
564 539
522 647
583 119
547 461
346 348
601 341
660 250
663 520
541 496
617 464
558 202
547 396
226 339
361 207
211 670
537 251
444 179
360 446
280 380
475 634
432 228
407 75
349 495
348 78
341 212
117 344
400 241
771 323
203 534
585 362
162 355
364 166
381 353
378 770
484 543
433 606
298 474
220 442
517 334
319 432
116 124
119 502
154 282
361 179
195 578
670 279
598 411
681 286
140 468
402 697
556 400
213 469
684 656
602 191
377 568
562 148
658 354
109 189
640 613
557 318
15 339
148 278
573 481
403 349
378 102
264 167
162 387
648 361
358 512
316 177
92 345
445 363
296 578
343 389
244 542
421 402
484 481
364 601
318 21
54 511
395 154
583 563
365 570
306 270
315 398
638 315
243 378
447 493
397 475
423 224
651 309
322 49
541 441
357 381
342 69
368 620
673 132
181 555
445 371
748 229
506 289
350 300
225 378
223 104
434 462
141 347
341 303
231 573
438 332
546 197
451 703
301 303
773 289
616 229
633 439
358 252
229 234
377 337
203 385
701 484
556 329
424 451
245 425
434 208
120 324
499 579
624 472
229 697
153 280
358 589
367 357
250 425
408 465
464 555
350 63
91 593
607 350
73 453
352 145
638 327
311 306
162 578
367 328
108 294
333 530
393 269
318 377
531 287
590 281
601 130
673 298
443 390
321 558
221 179
709 359
625 271
381 209
223 364
674 339
668 288
543 357
133 281
188 293
392 408
396 364
554 509
577 497
490 583
185 474
497 188
119 344
513 628
195 328
423 525
190 109
171 206
486 240
482 538
398 185
292 481
444 147
247 659
325 686
660 397
565 537
495 137
166 441
196 532
423 369
10 360
634 481
632 648
640 390
651 322
446 642
289 445
631 445
378 269
264 543
360 306
630 135
269 51
349 596
331 632
525 346
457 419
604 488
604 468
286 416
625 346
196 157
178 150
391 48
544 507
542 629
446 639
102 525
166 525
315 752
482 427
580 443
252 210
532 145
61 320
299 164
263 680
356 493
116 328
509 493
149 502
395 305
714 522
397 255
249 301
286 352
667 316
235 586
404 615
184 427
464 267
380 635
516 452
442 62
458 180
261 472
218 381
456 469
572 451
529 469
517 338
523 290
650 503
141 422
188 250
245 140
124 328
278 227
45 225
587 609
327 335
693 484
400 560
432 94
617 540
541 296
215 462
419 313
687 459
660 404
218 455
231 241
377 234
227 451
343 578
310 167
334 68
381 455
456 435
360 205
85 523
407 752
355 474
269 684
117 235
549 337
426 461
240 162
426 324
354 415
622 220
147 390
714 482
247 383
636 370
196 190
331 496
236 298
513 585
131 539
393 12
124 683
227 324
518 349
586 445
421 370
198 282
437 95
317 508
367 628
36 343
752 430
570 294
553 705
284 25
686 211
554 303
164 359
534 220
437 370
342 607
414 592
466 78
75 332
581 174
567 294
96 367
272 144
337 229
609 659
258 99
239 470
576 250
725 323
261 299
521 418
373 270
576 283
375 387
634 150
58 474
691 286
271 768
75 468
312 309
508 599
500 451
249 591
430 317
589 330
286 698
40 300
79 262
263 343
733 509
437 613
108 353
686 386
291 314
544 448
267 246
323 292
682 584
518 640
222 341
595 403
406 178
489 683
223 607
418 478
260 136
463 647
466 431
602 414
392 292
505 465
440 205
596 698
435 488
411 340
374 436
484 187
236 252
299 715
127 429
430 28
309 282
269 471
409 560
383 561
548 566
331 455
153 189
135 278
658 614
672 615
485 229
158 549
581 391
185 402
510 315
515 522
375 600
492 504
364 357
595 350
81 267
430 508
273 233
385 150
540 270
586 543
595 369
444 366
410 114
530 404
394 427
252 453
523 316
159 258
387 464
536 307
589 230
489 153
446 418
500 52
660 470
376 299
629 162
485 324
362 233
403 548
338 457
347 628
406 660
684 436
99 586
152 395
253 689
475 743
494 557
587 523
703 568
470 594
257 419
646 547
517 641
130 632
563 402
304 612
189 440
439 680
540 683
657 415
586 550
80 513
420 524
351 521
130 230
489 350
391 470
611 533
372 147
338 377
188 612
226 358
393 469
211 321
551 248
574 463
395 343
266 620
625 549
194 609
671 570
399 617
139 110
498 449
208 669
438 440
604 347
401 474
390 149
600 408
284 366
490 493
448 571
318 626
150 254
572 284
553 239
411 368
114 354
274 247
433 210
300 199
302 369
376 433
476 429
581 178
253 407
343 384
583 314
277 610
288 588
290 320
406 274
380 444
274 436
534 395
161 594
466 126
594 460
441 509
385 526
387 410
672 431
309 149
435 414
695 342
358 270
476 396
172 414
421 131
653 299
351 20
278 521
217 398
350 432
186 406
654 461
239 436
349 241
392 194
593 426
268 427
400 416
519 196
561 246
203 215
179 317
705 469
669 503
388 578
558 569
269 67
325 704
247 411
568 171
437 581
562 194
334 540
79 436
469 339
386 125
297 733
206 717
553 724
355 548
334 528
638 542
151 308
533 548
582 426
397 430
340 92
402 362
522 433
529 407
237 508
454 329
503 173
292 244
429 295
379 283
76 605
668 492
270 235
434 527
607 179
379 653
482 319
400 498
678 619
455 618
52 534
234 317
513 466
143 418
390 592
375 776
304 251
252 223
138 268
255 349
636 470
311 588
408 437
514 413
436 426
576 317
699 319
386 559
510 384
183 159
425 387
234 519
229 738
386 193
384 298
521 545
354 235
633 301
83 499
431 470
445 514
465 209
498 276
454 518
274 367
215 202
227 302
478 174
167 512
362 562
742 247
424 408
627 178
567 270
678 468
231 160
412 435
96 281
253 395
673 402
645 199
480 232
207 524
735 378
190 473
168 377
99 559
346 143
384 31
487 572
256 238
575 393
427 377
506 483
259 362
368 355
674 255
727 544
449 460
693 584
737 314
386 203
310 389
210 496
322 508
323 476
415 612
629 576
569 433
415 409
699 340
553 173
208 238
346 605
239 438
295 497
517 445
191 176
398 514
351 260
392 675
487 529
332 314
49 316
104 322
291 209
279 395
57 432
571 414
417 318
81 221
250 238
462 338
305 156
216 182
374 522
631 354
374 262
661 458
332 342
304 302
546 485
86 594
295 144
243 458
605 275
328 243
239 97
434 578
370 294
379 466
59 442
577 545
362 183
189 482
524 322
462 476
488 367
332 628
215 334
220 566
358 595
137 518
451 345
583 256
334 566
288 162
278 533
424 608
313 362
687 341
599 545
175 333
594 578
438 303
284 356
238 106
471 509
69 445
147 559
399 667
353 49
444 220
710 230
526 581
233 750
653 293
585 150
605 194
502 522
525 263
392 566
379 736
626 255
312 244
631 392
162 416
213 438
498 199
487 221
524 100
70 577
524 729
505 544
223 213
571 151
394 198
565 454
463 726
676 151
401 324
476 482
426 589
322 454
460 761
294 482
523 278
126 337
632 585
369 476
472 63
615 240
613 656
362 312
59 588
278 733
409 664
180 81
435 602
9 348
290 548
448 504
482 327
32 291
619 561
404 746
523 335
702 557
215 427
172 106
658 444
585 264
513 246
340 392
362 433
501 541
484 407
403 624
330 393
324 537
429 326
406 754
516 274
486 549
378 403
527 283
474 361
642 319
541 444
375 544
275 420
191 376
228 148
421 476
541 314
328 761
574 585
619 245
239 420
314 543
600 487
342 580
421 512
589 410
293 728
85 484
411 42
295 494
683 290
517 429
445 357
593 492
396 57
130 476
729 357
412 276
286 468
656 459
662 421
252 584
454 311
623 315
214 483
134 379
538 240
503 337
458 362
306 225
490 465
292 457
499 544
614 359
271 494
231 208
238 540
420 332
461 471
509 312
59 513
630 597
348 445
590 285
573 428
309 380
97 422
644 392
546 522
330 320
409 140
320 262
270 544
585 535
775 338
617 596
78 343
474 459
309 176
89 598
438 413
496 495
147 656
511 243
299 142
491 332
697 310
436 679
215 409
305 491
642 551
259 576
156 402
328 363
508 495
512 693
667 463
278 300
531 179
372 381
537 52
514 306
198 271
462 613
292 567
531 473
690 512
179 449
109 317
669 358
766 351
503 600
218 343
215 50
330 480
263 431
449 417
481 559
325 764
249 412
363 558
340 118
311 650
416 271
571 469
719 513
119 618
219 180
427 460
530 414
442 206
141 483
434 551
77 460
205 490
684 636
44 328
438 623
537 717
456 610
394 575
597 418
111 392
751 573
711 469
44 401
342 138
404 144
692 495
654 539
332 10
140 209
566 461
503 614
394 202
396 480
316 423
470 342
299 155
632 525
408 476
680 550
97 247
525 249
591 624
345 187
663 229
371 208
613 387
509 683
480 333
332 133
330 347
271 606
245 121
620 286
292 217
278 381
373 783
175 362
641 591
254 323
628 431
442 684
276 558
470 725
583 462
171 551
211 583
393 583
16 467
100 482
560 383
652 363
516 607
95 409
566 374
406 373
642 445
465 335
398 246
111 486
508 187
462 212
484 202
511 259
658 491
374 482
224 261
168 234
442 248
553 340
732 251
432 427
119 308
647 466
361 478
311 363
181 702
578 561
279 333
289 408
424 406
520 613
337 496
606 307
291 427
158 366
247 513
271 650
247 310
445 388
125 408
242 348
323 622
513 591
225 226
148 369
321 338
130 270
536 731
694 256
503 56
343 517
387 548
542 133
318 563
340 79
567 498
402 283
409 546
458 425
142 459
498 629
55 339
50 584
255 347
418 389
171 599
557 330
456 429
473 494
565 425
404 254
405 533
378 220
125 681
295 295
259 634
422 430
538 332
394 331
296 566
353 227
644 229
422 216
144 378
141 337
229 450
513 242
382 653
172 369
453 231
470 256
540 467
337 366
560 323
429 275
44 247
198 177
666 300
54 517
564 656
502 248
604 629
515 494
680 400
398 214
240 554
36 402
243 471
718 489
219 207
190 544
385 506
322 282
524 407
556 487
611 501
347 320
675 269
572 395
254 440
325 252
372 230
509 424
8 372
528 424
269 347
348 148
416 500
527 379
306 727
342 334
87 335
279 266
640 171
382 292
355 469
262 340
430 240
533 110
400 695
642 138
330 597
205 166
241 342
555 234
181 616
479 213
338 735
455 222
746 504
391 413
375 467
454 206
522 371
502 343
691 388
560 220
515 221
166 406
411 740
408 364
488 355
173 477
176 693
409 693
723 345
656 261
294 311
679 456
637 439
518 610
603 331
423 181
524 227
530 398
436 456
553 379
213 171
562 263
84 351
466 446
433 349
150 630
479 590
373 532
47 401
320 486
110 401
475 406
399 650
376 464
499 280
654 194
323 200
233 480
555 347
623 377
226 694
585 360
412 655
135 324
350 126
267 72
458 253
678 369
477 455
64 240
429 702
602 241
432 502
530 255
511 194
239 614
346 681
93 474
424 756
418 245
486 588
372 268
453 431
409 291
281 212
422 342
117 239
184 458
262 450
691 276
481 199
423 109
510 498
398 680
384 524
291 64
556 228
481 227
73 285
465 649
348 426
474 765
428 280
682 575
485 305
345 474
172 318
486 364
584 749
353 133
84 260
318 538
338 355
497 730
287 554
350 102
195 424
436 531
302 701
427 543
423 175
216 271
313 751
380 466
512 552
287 225
88 462
709 494
467 128
389 191
318 644
351 82
341 204
262 326
234 358
451 605
396 630
524 86
216 250
765 448
300 209
261 339
732 473
531 371
653 285
602 614
329 533
293 694
407 373
167 176
306 538
303 166
224 239
339 328
264 364
762 417
327 428
327 18
606 597
482 349
584 136
641 351
212 264
406 269
502 290
164 701
210 212
513 225
241 598
459 379
285 377
666 574
542 535
470 145
529 496
565 189
544 624
620 356
545 156
489 531
354 451
354 417
486 389
369 85
229 452
582 417
419 578
314 560
662 210
427 693
719 367
491 354
314 563
633 561
360 314
422 444
181 259
475 194
321 253
439 435
349 647
567 485
398 463
399 504
435 387
360 228
244 361
727 597
440 366
291 74
217 620
502 619
477 446
447 394
736 309
594 491
65 238
321 506
719 504
253 450
578 162
641 669
756 313
127 541
477 625
576 620
432 518
290 394
409 512
246 121
313 207
338 761
253 154
164 208
457 250
447 613
282 250
443 239
289 651
447 729
566 585
398 141
502 120
592 687
323 662
245 274
388 666
456 565
313 295
214 105
677 567
292 406
272 487
191 397
185 244
634 619
253 392
238 345
609 285
398 660
274 449
458 410
453 365
80 210
386 430
454 222
449 394
343 119
405 189
178 480
729 372
285 487
379 520
341 122
413 631
97 474
443 423
382 508
46 245
537 353
428 610
444 345
601 450
577 260
309 114
331 294
428 418
701 407
269 760
735 294
652 617
572 238
775 382
480 102
282 729
486 285
333 580
538 207
283 214
423 335
609 467
378 146
426 474
281 113
663 305
319 494
265 370
620 645
567 184
661 369
365 681
331 364
612 291
574 515
417 238
519 307
393 419
245 267
276 309
370 369
643 569
599 631
334 199
561 666
454 198
666 556
598 728
698 511
646 498
91 361
662 291
540 532
674 580
697 288
73 339
294 415
365 225
442 660
540 557
223 156
326 346
266 118
460 638
533 443
331 170
684 628
361 397
339 733
431 768
545 394
370 685
76 502
546 437
389 557
329 508
510 570
376 462
557 106
410 241
295 231
436 415
629 241
604 583
294 611
603 211
423 319
327 514
684 287
440 653
454 598
423 277
426 557
262 290
372 543
359 420
402 306
503 428
619 407
138 250
439 329
397 626
176 269
375 515
232 442
328 337
216 527
38 343
685 311
427 606
463 484
457 504
678 182
434 293
221 411
575 469
7 385
319 723
342 263
447 51
368 279
444 548
488 273
221 544
372 403
243 490
211 235
561 594
617 413
337 335
432 284
423 45
709 347
286 345
577 491
275 359
206 521
685 208
275 444
657 649
369 329
52 228
612 584
311 198
491 557
685 438
300 530
497 453
320 184
594 233
368 177
409 670
423 383
457 415
401 493
622 180
478 490
481 283
362 210
568 93
387 295
341 606
203 150
521 382
338 306
358 722
88 525
435 456
328 380
686 479
474 602
600 369
412 639
166 142
362 273
191 255
516 442
252 269
743 326
542 392
537 640
695 501
612 268
765 331
198 425
341 459
349 642
295 63
413 471
438 324
603 366
438 587
262 495
299 239
370 666
594 444
185 588
635 235
291 534
600 373
407 261
235 271
391 251
513 316
670 565
592 187
478 679
331 624
617 201
318 420
275 546
379 293
425 532
128 357
432 369
612 444
337 579
493 437
610 283
509 207
140 327
297 527
183 577
411 477
514 372
454 249
218 664
406 250
573 668
608 132
236 179
670 397
253 142
198 349
123 479
326 586
637 368
348 497
58 237
631 325
447 130
487 455
233 236
198 455
389 202
392 396
503 387
201 726
597 436
384 244
498 224
556 252
457 464
384 570
484 451
248 192
442 509
770 491
439 305
147 410
136 356
227 206
408 652
242 458
440 657
379 121
254 464
634 690
421 717
487 363
150 477
577 373
410 515
477 389
457 137
690 542
396 694
410 372
625 589
335 432
173 659
470 426
506 386
340 554
260 448
309 349
432 512
269 329
254 523
348 359
292 606
371 328
129 404
103 643
272 305
530 133
272 26
178 509
496 775
532 370
369 303
450 570
163 255
494 728
257 353
466 602
596 467
421 256
255 437
267 616
308 317
569 100
614 468
513 475
473 415
184 455
462 620
486 534
371 364
386 565
446 395
340 403
268 530
335 291
356 126
217 708
360 60
470 300
632 524
340 105
339 445
181 469
245 479
415 644
533 456
223 198
463 535
222 74
575 164
245 573
274 289
517 245
712 464
263 275
636 525
507 440
712 345
243 399
325 474
432 380
228 398
551 253
411 485
387 122
395 579
677 406
537 191
302 252
454 526
344 180
513 261
697 266
340 550
340 30
443 501
536 413
540 492
613 342
447 610
710 171
315 328
419 344
552 331
696 351
642 162
415 411
444 564
518 363
715 307
213 203
612 379
634 193
607 280
436 304
81 429
392 85
546 514
79 527
187 448
354 375
498 540
631 710
114 360
598 343
266 363
411 422
654 311
251 586
467 292
301 738
345 657
357 593
219 378
123 585
676 425
349 470
472 338
144 281
262 147
69 323
508 200
428 307
453 381
675 599
282 425
603 203
626 647
410 390
174 498
700 503
523 269
178 142
405 441
291 552
403 363
435 693
360 519
274 340
83 372
561 582
504 420
575 276
454 360
384 499
285 553
297 609
340 520
413 385
473 623
306 420
447 114
268 301
403 723
429 360
473 570
610 468
572 405
305 268
589 673
474 43
299 437
184 658
442 452
435 790
186 400
261 225
292 764
139 535
273 285
212 389
435 194
658 480
384 231
521 265
587 717
115 575
215 344
637 347
475 356
299 247
318 280
338 568
191 445
535 198
407 405
202 122
617 466
630 541
176 391
422 403
368 59
173 295
437 427
285 667
103 272
692 625
487 280
677 655
312 371
285 223
151 336
533 566
315 300
705 221
327 393
333 516
187 380
488 57
515 718
262 397
36 332
597 345
353 125
258 557
261 383
669 261
310 387
468 513
394 487
532 601
434 244
234 560
141 487
289 304
723 332
774 353
498 439
114 146
488 586
522 686
324 173
109 306
428 702
315 444
266 342
500 500
592 325
417 386
202 367
339 448
253 373
577 227
195 669
347 47
500 469
447 345
502 485
146 153
220 494
351 444
248 108
476 383
361 568
333 191
463 513
491 275
495 110
239 535
716 163
296 476
288 297
522 323
609 631
45 326
145 566
615 251
272 541
255 381
461 675
454 555
649 415
154 277
398 322
357 483
412 617
263 376
379 63
196 294
495 582
343 63
55 259
217 466
83 337
370 395
226 62
509 234
374 603
271 439
370 74
228 447
462 421
261 704
314 297
261 486
212 315
451 436
486 102
280 632
602 726
537 227
313 371
292 456
532 522
241 655
697 634
159 282
610 234
242 435
353 31
568 318
519 144
154 652
432 561
251 426
472 372
627 293
598 295
623 249
309 707
389 704
392 236
48 484
601 412
132 571
287 228
331 230
424 592
698 244
303 478
162 244
269 231
260 319
351 387
210 331
470 337
263 384
572 441
551 384
532 373
177 465
554 467
211 473
480 610
391 490
467 524
494 340
659 258
454 296
530 532
711 231
294 29
286 708
308 518
177 694
268 281
576 259
708 552
346 289
321 410
293 184
604 416
310 657
145 257
324 450
390 611
411 219
745 400
544 565
509 406
273 268
239 220
507 52
475 616
554 497
620 488
472 138
220 575
614 398
356 418
634 312
168 484
413 724
454 253
700 570
440 294
606 435
315 499
764 528
553 371
448 458
177 527
457 540
472 570
370 354
183 653
361 390
248 196
333 390
431 777
530 324
613 537
307 556
107 265
483 280
709 589
676 305
511 56
257 430
345 399
577 455
365 536
540 213
374 53
326 445
128 529
492 435
591 288
284 390
325 576
327 203
650 216
632 375
75 302
303 124
326 441
423 412
258 585
244 421
718 384
446 72
467 676
490 170
715 342
470 353
259 225
356 144
249 252
562 372
358 346
440 551
488 378
321 419
247 610
655 570
451 147
422 274
382 300
242 309
423 314
386 399
410 417
278 388
31 526
515 329
612 557
667 125
392 330
142 353
170 330
589 433
384 123
627 506
535 416
414 682
516 205
442 254
654 178
455 420
329 637
321 230
575 270
496 425
706 370
661 411
652 646
268 525
617 594
677 330
457 245
154 294
660 512
215 687
124 317
347 223
357 513
380 369
414 442
268 323
204 435
223 94
404 334
337 401
496 404
409 348
632 379
491 363
265 265
337 414
370 451
481 291
388 125
495 345
357 223
638 338
481 407
368 346
237 295
356 480
496 462
284 343
117 374
205 486
436 381
491 279
365 583
420 133
324 515
408 620
447 278
484 532
153 109
552 217
605 311
450 515
363 433
354 333
588 514
346 409
529 459
367 462
395 435
568 125
543 444
549 456
439 291
131 551
535 575
355 581
17 397
464 301
373 554
442 239
501 194
615 252
593 402
623 447
557 219
477 261
112 487
28 469
323 338
193 672
186 682
302 161
484 580
380 487
391 367
188 427
201 233
314 193
231 230
484 147
446 360
331 213
567 732
343 213
482 400
247 510
139 346
329 387
645 243
158 168
463 455
555 187
489 696
317 212
455 464
353 236
345 114
439 764
499 487
375 641
451 12
460 130
263 381
284 399
683 338
527 273
332 622
644 461
264 622
552 396
558 412
97 382
353 173
171 410
491 167
531 469
337 424
137 357
188 457
169 581
472 738
423 293
479 221
366 438
656 452
451 349
656 200
560 412
105 354
223 471
33 460
72 567
648 691
430 444
140 573
129 506
483 652
697 292
467 786
523 107
106 498
730 205
751 302
285 355
370 426
480 347
332 500
175 566
654 356
431 423
169 536
141 591
552 413
160 333
256 438
213 136
320 199
251 468
475 542
547 472
453 492
636 358
194 426
68 598
509 482
203 179
640 499
596 355
275 682
413 349
245 498
439 117
434 519
531 474
104 475
662 618
529 498
684 396
392 257
416 661
295 490
103 407
489 378
339 331
169 336
627 229
486 623
491 235
397 470
533 219
642 525
189 299
86 498
428 636
378 720
498 253
409 318
386 629
336 557
123 455
352 395
400 426
309 458
490 332
448 474
258 448
244 263
225 308
360 330
347 703
496 38
493 489
493 773
266 122
247 119
355 264
442 782
600 614
61 441
349 276
597 384
270 486
485 431
347 418
627 595
651 446
384 505
359 388
611 653
477 515
394 480
399 444
412 320
319 464
680 552
448 568
400 182
557 410
449 609
387 603
205 332
410 498
223 744
598 290
232 210
483 533
662 396
221 462
449 254
143 522
675 273
208 349
549 721
456 700
557 256
251 585
330 229
319 225
277 467
481 280
428 554
88 522
430 296
598 442
408 151
777 516
335 400
366 234
557 125
577 284
106 443
657 281
681 314
118 429
526 203
521 706
323 752
205 464
554 397
702 579
688 217
282 269
563 117
425 149
439 496
547 308
518 283
473 244
248 275
399 573
255 273
223 442
216 386
579 391
358 202
522 562
664 373
531 376
291 296
527 287
656 197
569 265
295 280
223 659
254 357
145 392
657 567
112 389
590 286
139 263
241 468
381 580
386 260
367 354
377 293
323 587
567 210
110 425
455 611
454 582
338 195
404 300
602 360
440 193
181 283
485 385
548 583
224 412
656 283
516 482
549 259
239 282
373 330
71 353
199 404
431 476
560 644
148 322
377 350
478 364
622 246
376 189
409 756
337 331
539 591
539 332
518 480
279 554
524 276
516 22
493 26
236 393
255 541
530 517
127 219
136 198
108 401
429 318
