9000
198 296
584 299
505 441
326 556
552 504
288 333
748 293
593 660
437 432
163 145
393 194
458 298
339 382
289 388
181 688
513 260
571 574
241 293
376 365
438 459
568 548
714 286
487 472
373 572
392 138
499 299
449 284
522 565
745 394
488 440
678 639
682 286
249 344
248 547
288 215
483 177
148 471
477 298
253 329
615 114
283 307
279 411
138 161
386 354
151 234
323 198
610 582
661 435
132 242
611 549
200 232
110 546
540 470
582 131
672 397
418 120
490 391
486 421
258 536
622 595
178 288
186 508
297 210
437 419
473 467
474 467
69 293
580 104
280 539
754 455
481 485
206 370
544 277
658 513
383 771
401 441
402 373
419 436
364 312
329 458
313 387
325 372
285 344
533 397
476 430
401 355
572 397
86 523
258 337
594 632
641 689
231 393
645 374
612 449
261 358
678 218
257 378
347 408
320 305
283 732
299 581
158 326
257 563
334 423
538 296
261 326
452 452
393 371
633 225
309 96
496 327
392 593
344 487
503 299
335 596
554 231
281 577
727 286
694 541
257 674
665 289
581 312
260 315
503 210
457 516
702 349
286 605
333 418
373 271
348 296
242 290
367 70
432 463
414 213
429 181
402 569
406 562
78 481
216 170
64 225
555 625
635 287
105 503
334 386
290 112
524 527
243 442
301 417
506 236
561 616
356 148
328 501
539 511
469 194
588 112
477 658
327 435
492 254
633 466
531 292
161 256
384 440
498 658
491 555
390 420
657 190
728 250
744 300
568 300
671 258
608 327
515 307
54 557
465 324
471 634
580 319
378 219
494 458
247 142
468 402
392 456
330 686
178 412
383 779
482 426
391 563
373 241
528 183
355 274
328 402
199 555
300 64
652 199
359 85
306 587
412 533
350 316
633 368
393 151
537 575
545 124
397 339
336 320
299 707
408 353
559 244
673 291
592 494
714 386
400 345
625 414
267 127
677 244
348 306
273 482
432 323
388 396
365 265
312 442
680 547
392 265
476 382
600 330
472 560
423 436
188 324
568 365
579 482
120 388
652 625
368 618
434 369
363 270
480 404
253 304
723 248
269 373
343 326
553 545
605 546
70 299
768 408
322 357
351 320
110 418
484 230
437 580
138 471
324 617
299 283
447 190
73 502
358 275
369 471
106 280
223 424
463 410
199 323
452 521
414 733
419 164
288 741
290 553
238 354
559 501
630 516
412 409
55 315
438 572
294 419
305 367
215 386
78 444
631 355
598 639
240 497
386 432
596 515
149 513
227 295
397 588
267 339
238 359
473 318
220 189
300 498
525 535
490 332
636 396
532 192
538 538
420 274
369 401
238 464
452 306
527 281
208 582
613 238
585 203
284 403
658 384
560 165
764 489
310 198
313 453
518 648
583 437
476 58
303 508
420 683
191 471
149 491
267 438
369 120
405 197
305 522
455 408
637 390
239 509
513 461
434 440
197 463
430 475
334 388
271 534
527 237
141 371
342 170
355 438
522 410
301 383
344 519
504 720
574 237
370 146
440 553
370 653
275 615
493 521
623 354
81 517
525 683
406 336
274 689
373 434
295 623
214 316
298 169
285 209
370 333
458 505
195 404
122 462
597 484
352 175
604 316
181 446
460 611
375 243
148 438
449 341
218 608
627 412
437 485
300 501
245 206
620 197
447 256
540 286
212 285
343 537
114 441
423 732
406 569
598 496
93 479
275 476
490 147
98 410
383 248
417 188
101 610
537 297
399 354
300 641
521 724
385 560
525 693
264 562
382 459
366 149
485 585
359 557
439 351
627 327
441 440
518 433
471 397
289 690
597 668
254 371
283 78
237 241
372 93
756 532
144 382
168 374
469 360
218 668
419 480
513 248
405 362
470 186
448 193
119 393
495 165
474 308
429 447
253 467
547 322
303 514
695 512
683 306
364 275
312 462
414 78
287 305
506 316
185 597
352 548
516 346
521 191
123 355
316 497
169 499
424 594
384 505
207 420
299 276
620 428
118 490
662 335
330 64
448 748
138 407
267 396
526 137
264 214
209 371
462 194
357 358
559 311
160 574
602 542
59 310
364 457
169 180
611 463
407 486
617 546
180 346
201 496
290 679
404 182
521 525
471 687
434 485
298 317
350 404
236 629
721 392
434 444
613 606
266 551
315 422
505 690
236 394
223 328
576 666
442 410
665 452
238 443
104 250
377 225
595 337
194 316
474 337
282 245
198 380
353 282
638 214
580 144
431 380
499 421
366 493
389 514
64 383
289 411
287 329
356 725
502 428
480 166
245 436
672 157
267 170
584 369
281 635
375 650
343 478
418 363
390 83
311 758
573 240
456 467
505 319
394 571
461 211
582 618
712 527
520 73
574 261
397 366
373 437
563 435
324 525
414 206
253 520
457 489
365 662
675 571
535 713
192 405
390 621
315 185
336 595
112 590
501 493
295 382
229 276
586 342
628 521
498 583
457 409
257 548
314 465
426 478
544 225
526 329
396 745
389 454
244 494
253 129
385 445
396 413
366 566
212 238
277 735
484 202
230 129
386 474
628 669
232 340
322 494
347 421
197 358
403 225
477 600
340 32
135 322
176 278
234 716
460 528
358 117
560 295
97 295
707 479
419 471
248 307
597 473
267 267
401 199
287 309
240 462
752 336
198 517
440 252
66 422
622 359
545 522
248 483
448 247
435 318
525 396
659 495
375 182
713 485
304 511
297 423
348 401
367 408
545 282
606 504
209 536
480 633
215 403
126 273
515 281
283 320
536 677
415 167
277 663
456 701
537 301
373 601
175 420
467 426
156 396
434 216
401 265
377 359
631 539
378 300
484 672
383 233
318 366
374 585
238 419
216 344
564 136
365 249
231 732
674 141
432 449
122 240
597 164
591 478
501 587
543 729
181 539
553 585
53 510
726 382
189 360
172 343
381 392
419 142
433 52
581 302
92 213
178 263
346 540
271 133
463 567
62 264
651 331
409 428
718 344
567 624
641 549
229 304
554 473
155 671
438 126
215 245
271 542
444 316
284 155
278 416
144 386
559 253
678 385
634 319
326 508
394 716
395 582
428 411
547 221
446 201
312 528
403 590
465 379
494 232
206 155
213 624
272 567
230 402
382 566
304 635
448 549
661 449
472 530
355 284
529 477
317 283
654 665
87 319
221 201
450 446
273 564
620 632
155 497
113 582
485 453
651 371
319 185
432 335
377 234
234 695
517 254
520 497
438 583
615 128
410 308
272 239
284 610
543 687
357 510
470 264
593 409
424 289
300 536
486 429
481 456
694 480
502 610
620 642
540 484
292 671
116 334
557 295
592 271
666 530
467 590
723 312
585 343
426 417
575 112
677 548
719 277
542 515
308 747
356 243
324 425
217 505
382 222
529 327
425 386
361 404
54 372
144 487
710 200
420 105
112 420
567 383
595 121
525 120
695 457
424 467
180 336
354 350
567 626
120 386
325 164
431 54
312 409
406 549
512 523
603 417
569 502
537 465
492 287
530 684
289 231
528 577
549 551
137 661
233 664
501 270
584 303
713 537
336 202
433 445
329 86
484 425
416 351
456 483
298 269
347 514
331 241
139 416
188 130
467 634
367 643
277 167
613 597
97 479
650 537
192 194
301 458
112 155
172 625
593 718
480 130
469 531
303 569
197 352
337 486
304 474
74 249
639 384
563 510
413 329
480 572
576 252
605 428
628 377
656 679
56 513
543 554
120 465
182 199
211 557
471 710
535 361
381 366
187 341
505 458
468 415
746 385
486 565
414 537
176 626
260 692
195 680
479 153
501 700
319 557
447 318
118 217
212 588
388 415
658 657
325 562
548 410
409 336
449 479
299 509
212 517
235 283
223 278
525 610
211 243
252 393
607 304
569 223
355 505
293 314
381 216
324 209
271 270
641 126
517 358
557 69
192 178
311 467
86 376
226 388
149 475
359 419
476 384
598 348
246 693
221 332
763 449
352 259
463 725
291 669
503 692
327 613
631 409
604 295
294 127
577 430
312 693
489 339
350 344
304 501
273 471
539 497
507 529
495 487
712 601
507 306
547 455
148 355
251 279
356 419
493 675
299 555
621 262
592 326
538 368
592 604
114 513
307 373
158 504
631 220
424 220
467 377
304 513
274 514
162 397
582 352
353 524
668 150
704 570
372 122
689 268
258 527
489 430
729 344
359 480
534 472
436 426
346 421
373 234
398 609
497 615
565 154
314 375
319 440
445 534
93 228
278 334
597 313
319 713
228 571
247 279
347 124
415 669
310 659
442 343
407 170
390 316
415 388
149 471
174 559
75 399
654 410
685 463
379 497
391 116
593 127
442 182
667 171
353 181
384 413
460 426
422 620
210 418
414 726
257 629
470 488
220 558
569 438
260 195
298 321
507 452
300 152
726 309
447 102
179 321
549 199
672 307
587 376
654 566
204 490
359 191
406 169
373 474
360 113
353 501
553 522
362 508
319 643
663 271
347 249
146 323
576 556
511 278
735 424
391 209
284 258
499 364
260 381
162 354
213 292
461 341
499 496
389 756
526 427
333 415
543 214
466 482
493 380
132 330
377 230
636 430
266 381
519 308
450 154
216 210
271 533
43 350
483 316
563 147
341 695
194 347
492 556
327 375
333 401
577 359
476 661
501 458
337 232
627 311
271 462
615 226
466 273
237 729
289 493
497 650
492 669
632 115
633 552
448 458
410 257
243 207
364 489
472 502
425 166
690 457
222 573
517 180
253 166
420 279
560 581
462 264
319 501
440 436
465 570
508 344
177 348
452 491
528 437
310 640
668 367
609 513
450 497
349 245
257 391
285 488
297 436
266 354
484 203
577 467
89 215
466 388
610 397
342 682
725 382
477 529
634 253
481 472
608 572
321 158
330 408
441 709
560 248
587 359
431 534
508 647
412 540
432 284
238 321
601 132
99 403
520 562
41 485
646 420
489 614
562 445
633 285
418 711
617 98
67 515
318 34
177 331
111 260
230 263
280 205
230 242
366 648
483 278
371 461
331 514
622 342
185 488
438 673
622 169
489 128
191 459
476 479
332 49
608 363
82 337
450 467
337 459
400 250
444 562
199 261
308 564
156 520
218 438
346 666
603 119
269 311
553 461
708 202
212 587
700 448
525 297
217 406
468 536
439 526
368 609
651 555
505 296
322 35
370 392
144 280
314 364
454 468
610 537
331 655
566 487
435 39
511 92
246 627
182 544
171 579
498 287
578 492
691 354
368 177
365 712
400 480
342 734
513 608
206 564
181 512
396 487
642 317
445 647
396 489
556 365
208 419
174 287
95 528
494 669
196 390
220 115
331 404
593 410
410 371
589 651
207 180
245 409
386 429
225 472
414 286
614 525
626 309
458 488
626 511
132 452
481 221
408 374
405 560
236 382
479 553
629 516
464 144
694 548
193 469
342 532
355 577
534 80
264 553
437 360
273 741
101 315
378 644
629 427
260 583
136 225
166 364
532 317
497 181
388 300
370 255
397 93
423 489
447 134
472 116
247 200
368 421
332 456
745 348
209 211
267 169
354 108
456 144
151 516
397 411
590 339
398 711
539 422
172 357
526 439
217 256
498 182
239 340
447 352
404 378
357 225
154 270
689 370
498 729
462 431
357 388
415 483
414 554
461 302
467 244
185 711
210 321
258 196
486 243
179 266
307 429
661 338
449 145
758 434
136 250
187 689
143 416
336 635
134 299
524 606
324 86
326 242
202 359
283 560
590 470
169 432
475 259
691 467
462 602
508 490
621 457
478 519
659 308
391 538
377 90
126 407
504 385
284 409
487 637
222 263
229 425
449 536
178 332
293 355
379 436
581 311
600 304
422 340
211 236
597 616
453 247
492 349
201 516
518 221
717 369
295 178
454 405
125 578
327 620
414 539
584 600
412 334
288 207
606 529
314 457
623 469
119 338
381 182
345 486
553 719
142 187
331 190
393 674
394 475
380 340
302 523
522 202
371 154
115 297
553 388
442 217
642 199
431 513
433 459
355 556
675 457
353 346
144 529
479 269
583 158
234 557
354 539
590 311
379 298
522 230
571 450
661 232
363 766
641 609
607 422
420 434
406 686
221 384
475 62
173 605
342 157
477 243
525 234
589 372
206 536
458 214
299 214
200 442
239 720
421 340
222 364
728 364
440 425
503 340
256 474
509 445
611 372
117 296
199 289
459 598
595 330
198 437
215 285
544 357
452 457
506 462
667 317
221 471
465 425
564 286
403 711
612 293
657 353
322 33
293 452
543 423
259 625
378 168
540 563
253 180
574 295
570 671
469 518
259 415
484 503
652 222
205 666
403 60
496 208
288 533
300 345
278 330
298 127
477 68
98 365
173 526
188 516
402 606
680 361
598 344
594 124
231 703
545 367
395 430
529 478
391 506
163 512
341 585
704 427
193 427
502 542
477 566
308 527
577 415
374 609
700 595
565 423
356 511
383 575
742 392
683 526
418 91
385 286
444 275
362 323
301 469
472 161
557 348
375 391
572 561
328 228
562 379
97 601
594 279
131 390
154 127
447 374
536 637
542 183
293 526
317 65
214 360
634 166
228 630
157 153
458 564
322 447
431 262
77 209
410 488
376 531
346 105
462 676
235 361
292 184
130 324
200 578
465 586
377 512
437 644
310 531
412 233
324 456
396 519
66 320
253 196
257 372
285 566
174 279
669 283
260 587
394 241
351 290
478 568
346 450
475 475
336 415
476 292
255 253
492 123
312 285
544 268
225 316
387 221
387 372
302 464
265 523
448 660
411 312
451 342
241 219
195 666
340 303
360 178
515 118
541 298
660 256
221 252
550 106
336 93
613 419
589 471
146 334
245 379
229 166
653 209
518 237
132 419
222 387
198 583
521 340
587 521
559 443
226 523
336 374
774 424
363 162
114 464
283 312
266 471
286 463
299 368
416 566
345 127
223 307
477 476
391 402
537 535
350 476
722 211
181 335
490 417
162 474
421 229
550 499
226 720
344 138
571 439
476 761
347 327
523 214
550 315
565 192
345 104
206 159
691 559
287 335
212 281
193 644
549 718
509 83
187 435
215 509
614 313
526 475
618 192
423 493
369 300
293 538
624 476
229 661
236 397
288 162
661 302
475 335
91 328
315 103
490 170
545 606
439 320
466 704
396 134
284 348
529 550
605 670
281 276
308 703
366 410
110 595
237 572
475 354
475 222
689 452
143 120
438 465
294 653
375 390
611 425
375 465
226 232
250 732
391 211
487 82
384 211
257 242
282 417
257 434
242 54
308 162
107 556
567 303
468 439
660 560
151 462
750 318
698 504
240 216
322 371
160 296
448 248
428 35
373 603
439 228
271 226
633 239
225 124
471 646
244 329
716 456
386 638
368 707
480 507
583 152
587 539
569 233
442 192
554 724
413 243
188 712
290 700
181 420
536 119
572 332
377 305
616 421
354 599
335 184
291 295
740 447
386 691
75 358
304 439
451 193
368 98
399 207
188 430
600 138
471 271
176 327
433 303
427 242
599 478
296 331
383 375
493 154
402 566
284 555
419 603
330 289
305 588
283 478
565 665
275 358
101 516
473 404
313 291
131 612
675 627
560 278
288 280
536 294
118 414
349 404
406 227
175 451
308 154
293 699
327 396
677 466
568 299
307 492
668 410
277 342
272 307
669 465
494 415
386 402
642 262
624 289
507 283
573 537
552 341
439 741
91 391
420 674
419 574
282 180
160 368
216 465
356 676
444 354
122 328
535 509
121 427
552 464
576 332
416 608
661 558
185 289
220 392
429 347
372 698
683 184
693 590
604 549
399 35
531 308
511 650
399 276
303 128
664 242
295 85
335 537
193 282
325 159
642 327
641 285
255 610
521 459
269 360
148 469
744 447
308 309
155 340
520 581
586 714
671 201
413 576
619 542
63 374
715 362
546 431
671 169
590 540
400 629
348 549
363 275
251 349
419 512
429 566
584 220
175 686
603 159
197 258
256 500
510 397
333 360
487 410
77 454
474 594
411 156
490 598
562 419
309 464
387 284
182 499
527 442
572 604
558 155
439 276
223 141
323 394
605 381
69 368
339 518
292 173
388 425
535 252
522 436
224 322
290 74
419 348
395 256
571 433
147 315
433 410
458 446
145 645
137 506
176 697
417 561
463 470
637 449
355 405
372 361
596 561
439 529
68 278
425 129
534 469
296 656
431 399
643 446
561 475
249 327
671 203
142 596
387 244
532 275
161 457
339 368
666 197
340 486
118 620
291 539
731 354
457 570
189 164
483 335
149 385
516 464
724 543
676 321
311 317
254 222
91 449
349 374
67 465
413 238
358 376
505 275
539 517
327 590
332 296
722 349
484 588
477 270
689 535
447 287
392 457
417 531
363 396
174 169
468 750
331 433
446 357
251 170
605 704
705 348
294 470
433 376
604 164
286 371
326 405
354 747
656 601
408 109
359 253
304 607
376 373
622 533
230 598
694 531
230 191
103 498
446 411
663 370
185 415
402 452
301 622
680 357
591 521
509 232
365 688
269 401
522 399
153 427
301 292
43 267
661 427
132 440
207 636
511 617
356 397
269 626
342 575
628 538
313 409
452 141
176 531
276 357
609 367
539 550
372 662
469 289
719 439
391 28
590 440
443 634
313 427
220 660
670 561
70 493
483 223
193 377
520 368
456 595
447 146
469 93
299 598
642 578
498 45
419 300
764 478
625 478
232 590
416 469
434 497
293 230
304 245
315 250
254 626
526 532
269 615
435 418
367 98
333 292
511 279
499 256
587 309
351 707
264 433
373 669
549 564
552 377
408 257
481 573
285 267
565 226
438 288
648 356
155 271
581 679
579 294
696 589
510 329
368 520
484 449
443 239
103 390
424 610
575 386
75 313
344 548
708 482
202 236
506 52
636 134
642 341
196 475
377 414
228 459
554 571
53 428
355 208
493 125
396 354
424 306
229 273
257 365
229 422
568 464
637 664
171 322
632 120
533 493
354 612
304 139
171 590
641 447
373 659
669 522
671 463
251 366
589 529
313 566
380 210
444 410
494 711
65 389
252 174
176 401
291 606
553 247
268 384
521 442
664 585
442 339
337 628
522 113
36 450
684 247
239 585
457 366
186 390
84 370
459 175
260 545
453 430
560 425
570 283
526 586
669 367
118 429
316 288
428 264
282 464
123 256
430 354
168 404
617 364
398 402
232 205
234 400
550 437
273 392
309 555
380 552
412 561
504 278
339 328
458 220
231 228
220 518
286 81
73 418
409 364
571 396
283 448
415 386
350 533
425 469
580 684
246 217
414 288
416 447
223 348
428 464
84 362
558 559
275 757
473 516
542 359
731 469
238 230
551 259
304 195
405 611
264 525
572 225
412 346
348 383
422 112
204 567
473 644
305 610
589 285
218 125
366 380
479 77
476 183
329 426
442 561
216 494
650 318
469 444
445 305
408 282
641 206
240 426
456 611
593 575
405 493
233 253
449 241
199 505
544 285
279 605
468 483
565 577
408 361
243 289
474 269
502 503
457 627
711 219
378 423
323 89
368 391
334 435
327 94
204 499
567 153
427 660
493 476
91 343
229 418
373 629
346 100
407 340
244 561
585 675
366 580
497 156
197 404
662 289
494 315
363 485
473 128
271 421
712 214
260 627
424 63
20 383
532 335
639 509
257 101
235 91
185 318
384 199
498 588
550 286
661 161
377 747
766 417
513 655
462 356
315 345
352 107
299 211
612 462
591 513
624 418
159 680
220 224
212 456
406 318
329 434
512 98
334 162
440 511
324 418
214 321
695 203
194 693
403 540
436 474
296 740
461 401
259 119
323 178
656 524
608 393
284 342
343 275
327 114
455 276
475 228
524 592
453 733
458 245
247 325
186 227
472 411
512 294
606 468
295 540
187 366
193 225
231 263
254 165
310 462
255 135
248 139
566 626
681 265
351 211
609 497
477 87
379 245
294 592
478 257
455 424
359 396
128 297
172 243
559 440
79 472
278 419
255 511
339 587
544 255
699 256
306 642
449 734
309 547
162 236
520 245
449 374
537 333
124 528
402 88
157 367
728 568
564 137
606 249
479 207
275 484
545 500
358 374
630 521
91 312
632 227
495 439
429 559
81 254
261 336
409 333
405 356
320 699
380 392
521 240
254 435
665 192
478 297
569 269
158 388
528 711
305 532
237 294
362 544
390 307
161 132
615 316
370 361
368 570
107 217
380 383
535 269
111 220
542 71
289 233
529 125
471 476
575 280
162 320
439 281
123 443
611 475
437 276
410 318
468 290
439 274
462 469
96 620
577 215
200 230
108 252
291 642
534 391
183 667
308 308
341 727
721 385
503 356
551 177
419 210
653 373
276 277
295 266
688 468
277 64
202 543
345 233
577 395
596 218
334 145
143 354
60 315
373 263
335 488
254 668
372 198
416 409
543 611
452 433
660 509
749 256
237 247
444 288
245 227
197 353
449 394
624 538
293 738
226 607
587 455
524 404
230 710
459 276
173 568
282 63
383 478
160 527
351 521
510 256
306 437
115 554
364 390
511 284
260 384
602 231
521 264
531 294
710 349
400 251
113 229
164 238
71 227
501 284
309 588
559 430
513 569
500 380
401 402
227 252
503 623
513 615
526 483
457 84
659 344
222 108
349 370
384 586
120 361
495 682
369 444
328 456
391 561
445 320
390 240
460 658
488 338
341 500
489 620
534 523
623 371
213 234
353 547
664 413
378 264
496 299
373 279
463 525
172 564
518 202
114 452
33 501
634 500
272 380
308 393
480 224
287 427
675 237
314 334
317 641
297 430
275 402
474 263
473 389
395 707
567 211
334 367
194 484
284 182
324 594
155 506
403 261
233 530
404 200
420 577
490 614
348 361
325 653
444 501
441 330
202 461
418 458
190 403
420 270
120 194
730 467
573 561
387 195
248 419
352 352
249 434
652 483
514 600
628 190
397 655
429 378
69 213
676 292
342 395
27 324
415 169
548 539
206 631
241 319
201 612
244 405
565 736
304 467
358 191
584 244
79 392
620 485
152 427
113 281
360 401
494 282
425 335
410 539
235 637
377 585
92 189
377 690
289 259
608 148
291 433
64 529
263 635
117 355
229 244
196 473
380 761
254 706
563 151
455 553
590 437
354 487
240 319
306 188
620 488
378 502
576 248
493 454
453 376
634 505
560 164
518 630
634 477
538 592
220 566
454 724
557 456
491 548
346 428
450 543
356 774
435 567
389 462
224 239
546 191
406 206
394 455
148 286
634 539
297 451
248 169
276 191
273 340
437 148
525 615
428 253
405 430
266 518
709 377
258 292
457 261
489 435
288 324
530 197
545 242
378 339
551 624
469 585
352 572
552 448
373 185
435 312
285 443
238 410
389 249
174 203
263 192
541 406
283 656
335 480
545 403
457 447
474 156
568 307
646 620
649 403
425 455
477 278
377 624
586 356
521 155
512 206
543 312
357 255
560 353
638 124
219 321
316 660
694 257
339 324
128 514
267 582
536 391
260 570
250 256
590 492
497 358
182 185
727 403
374 529
232 271
397 341
545 391
410 497
318 571
425 573
487 583
445 295
215 289
551 312
256 138
492 198
569 530
372 440
92 453
300 315
654 511
232 254
208 430
48 495
582 612
526 537
659 387
337 461
483 561
314 78
442 190
76 329
457 262
239 324
340 765
315 320
613 549
479 187
351 457
441 682
526 200
523 540
521 463
538 593
515 256
151 229
506 40
134 188
383 113
189 454
573 444
197 407
717 304
464 656
628 104
146 422
583 500
507 221
232 699
348 266
489 350
429 262
225 312
445 312
220 529
156 240
375 403
686 642
393 314
235 591
431 254
439 491
508 452
301 233
412 73
465 540
582 472
523 475
227 551
648 256
564 420
423 278
583 694
469 90
307 350
366 317
257 94
628 501
394 614
536 452
365 358
102 359
327 430
201 96
505 323
699 515
388 461
554 354
508 195
257 461
584 137
323 578
186 370
470 542
392 349
414 615
649 215
163 492
278 379
366 733
656 446
185 637
265 482
123 334
277 221
392 272
237 465
562 447
316 447
203 355
417 440
453 498
290 366
178 220
715 231
326 684
452 168
350 713
277 494
392 389
238 384
400 247
399 242
265 240
540 422
392 248
563 426
339 224
644 248
653 530
634 364
322 470
441 171
496 408
237 390
391 718
184 503
567 588
292 449
467 535
706 302
386 379
333 270
327 41
232 618
220 509
190 83
254 447
470 503
232 235
485 357
435 602
536 439
552 412
69 306
388 295
372 399
299 657
339 421
445 511
239 424
371 142
629 294
561 527
412 343
339 447
435 566
112 432
361 407
681 301
549 664
380 590
593 697
497 511
492 310
620 511
269 217
122 322
490 158
214 257
192 603
323 348
504 241
528 359
659 314
603 461
519 215
394 62
315 649
451 516
166 453
660 574
320 479
599 336
320 221
455 246
378 441
334 518
324 772
438 306
403 481
563 215
389 214
392 367
436 401
217 386
391 305
504 309
449 304
583 473
424 428
234 232
159 425
201 402
561 628
266 380
475 520
201 411
488 238
423 568
514 497
333 691
426 259
206 605
376 532
475 244
681 397
684 330
212 405
391 566
265 260
200 558
605 513
387 197
380 387
249 456
318 479
337 355
416 384
433 242
473 47
321 418
399 310
297 410
435 612
379 328
422 330
683 430
302 215
440 629
291 595
343 671
314 646
357 435
646 170
572 480
522 137
188 349
235 256
148 200
311 574
556 393
586 510
469 509
589 268
604 163
618 472
486 464
752 357
661 294
358 287
539 629
467 259
457 557
476 347
254 389
93 483
365 151
427 341
221 650
514 344
348 446
397 540
148 125
293 486
604 340
520 393
110 423
662 557
235 580
639 663
558 515
239 601
34 339
396 334
422 345
443 777
56 424
486 176
679 550
533 596
446 719
250 138
108 302
554 362
307 365
380 313
247 217
577 235
305 357
562 410
508 485
572 295
655 321
410 473
691 281
725 540
446 328
654 379
672 417
520 215
127 303
332 437
344 169
467 160
179 349
249 89
504 682
553 420
399 244
238 368
292 473
510 255
357 193
578 241
348 113
615 533
334 461
619 507
556 293
97 330
104 401
346 90
429 416
574 202
199 150
300 368
286 368
252 284
534 334
158 519
189 589
530 219
234 483
548 557
349 539
223 123
273 270
306 354
101 450
222 289
265 624
365 496
546 303
171 512
69 373
351 281
236 472
478 596
199 471
573 629
378 89
365 319
680 366
347 454
412 397
298 305
379 748
610 150
575 89
434 453
345 567
409 408
221 288
303 486
327 515
511 250
620 257
484 557
487 648
455 266
170 199
184 453
222 123
174 552
327 645
620 286
301 281
309 543
717 595
434 554
446 548
372 305
474 231
490 459
453 716
283 675
89 475
420 305
185 371
226 221
469 381
375 736
565 191
385 358
406 571
212 306
341 121
471 231
364 714
455 548
175 234
79 349
356 22
332 595
352 461
555 147
350 62
579 298
609 388
464 321
414 576
553 448
554 140
468 605
302 207
399 417
485 552
477 446
298 403
566 496
241 535
455 418
370 233
379 253
739 365
343 489
426 223
604 241
377 432
677 565
457 587
504 452
239 211
286 598
32 348
431 352
566 237
177 704
82 263
497 242
367 277
700 509
334 387
377 357
585 483
687 405
612 376
123 186
415 203
354 410
573 478
306 198
395 426
547 597
393 566
524 506
283 606
292 723
505 111
431 205
233 322
623 364
421 276
208 394
505 70
502 86
365 680
260 274
394 420
484 608
759 337
457 497
628 256
291 363
439 630
229 195
380 179
303 479
339 564
388 364
620 586
460 365
349 442
168 455
224 493
260 314
618 137
480 460
398 302
408 635
405 691
595 618
395 562
343 216
161 454
207 250
451 377
373 555
437 277
173 204
203 550
152 543
450 464
270 548
438 234
346 335
279 224
454 548
517 466
83 394
579 276
296 589
632 357
321 246
249 379
223 90
188 514
432 444
282 260
239 320
504 186
337 61
316 650
228 542
595 542
182 515
409 211
294 67
295 423
289 448
328 433
527 246
551 562
459 522
455 652
430 620
562 420
394 627
437 465
307 278
110 560
375 695
474 639
372 665
528 174
430 575
609 243
549 653
620 670
504 163
276 483
322 299
285 291
116 523
605 329
399 327
451 638
400 503
385 323
403 425
522 543
691 491
58 307
363 346
211 528
435 250
629 204
138 457
398 414
588 321
421 328
296 525
536 551
399 66
520 631
345 660
319 390
375 322
365 557
343 187
335 366
476 535
712 488
71 380
490 322
573 394
660 450
649 309
772 475
380 302
638 158
519 734
273 230
312 498
161 421
368 129
501 459
626 553
457 176
164 310
385 586
627 352
635 437
465 587
227 356
510 532
359 316
484 373
274 154
576 511
193 561
510 540
585 399
518 564
472 410
346 376
467 219
659 353
347 276
260 537
414 381
568 504
74 366
442 324
248 634
354 441
400 162
548 387
348 334
668 405
298 593
416 595
455 414
554 382
353 588
467 360
540 378
528 573
352 612
82 338
390 223
207 719
299 215
385 380
631 551
230 234
299 238
382 616
674 181
557 745
306 430
486 334
669 326
670 537
212 485
568 232
296 429
401 353
209 401
318 210
178 440
284 142
312 261
307 580
431 111
333 319
429 99
303 60
309 286
478 270
485 599
383 353
528 498
214 372
557 640
395 528
390 612
299 229
615 301
535 698
384 354
408 599
486 343
623 630
254 208
166 268
587 695
405 82
310 230
375 160
52 538
315 105
257 464
581 383
481 327
326 86
291 376
557 510
484 77
400 373
474 331
665 538
337 556
351 635
249 469
375 431
442 651
489 209
386 398
634 499
248 219
555 689
318 619
556 326
403 717
404 331
359 468
199 574
251 424
613 386
499 649
534 685
455 615
587 360
415 419
378 374
688 257
310 513
583 231
505 492
427 609
438 420
641 388
256 389
259 280
663 356
402 271
343 109
397 38
297 738
304 379
169 508
230 438
363 171
622 258
274 406
539 595
525 146
419 685
572 281
472 233
200 88
666 359
643 167
197 152
461 382
656 206
455 486
464 526
460 210
220 440
427 598
430 256
199 302
286 554
422 342
255 541
584 617
563 297
531 554
28 404
419 376
496 402
405 302
472 310
600 644
339 459
209 112
458 409
539 430
502 604
463 248
445 86
377 200
651 379
473 75
527 557
664 631
581 577
430 487
306 276
521 387
565 354
322 381
425 433
623 424
459 333
483 535
508 566
427 125
339 590
213 336
453 53
520 204
286 227
337 420
442 719
516 284
228 531
253 327
244 234
358 584
293 397
184 326
496 266
309 563
337 427
497 53
276 497
415 519
393 423
411 428
428 206
66 241
285 218
189 256
241 400
159 176
458 550
445 302
361 596
569 414
622 407
339 288
430 65
665 334
394 617
155 570
570 230
456 521
356 331
272 414
215 362
530 414
215 430
229 612
254 442
271 545
384 160
348 25
276 419
472 452
391 379
372 296
450 654
668 617
603 338
363 489
136 222
233 70
668 326
405 150
466 530
561 423
302 718
57 428
117 409
256 445
467 344
630 351
495 498
578 625
573 319
270 497
238 508
132 164
339 221
576 363
441 471
543 240
360 307
383 565
308 374
143 613
384 379
265 608
557 135
556 549
510 456
324 320
110 317
237 341
159 333
642 312
433 221
500 250
545 85
312 204
369 237
496 69
359 260
737 381
743 421
215 219
346 480
378 319
619 477
647 218
593 603
142 318
554 448
82 274
452 167
603 502
399 410
435 339
509 623
419 307
496 345
443 194
453 365
561 565
312 151
541 557
320 462
171 684
574 211
382 353
293 376
482 536
324 699
485 487
649 283
184 629
140 492
471 264
563 560
392 240
47 498
302 380
328 381
335 381
131 191
481 378
547 407
567 229
532 382
184 215
675 323
607 389
331 342
527 253
571 287
268 612
300 750
315 670
412 146
154 193
139 572
419 346
598 465
336 260
362 315
66 561
469 328
326 213
505 263
326 254
554 433
316 521
621 633
536 552
705 455
236 455
279 424
359 159
738 410
602 360
103 451
472 434
463 230
152 270
64 282
316 267
456 574
259 648
347 210
399 523
262 427
323 330
288 578
321 240
131 407
181 649
298 704
195 166
540 459
665 468
201 343
491 624
376 570
461 351
453 642
225 224
270 687
352 303
441 560
323 395
364 510
393 692
477 467
318 453
283 165
430 528
335 539
554 247
650 435
501 766
563 420
329 336
320 434
231 283
79 203
319 361
566 477
235 565
449 266
297 623
311 237
489 242
464 282
558 193
290 405
174 409
149 432
682 346
279 528
595 427
533 339
219 318
378 554
666 468
751 296
387 313
211 173
363 212
583 214
261 388
469 450
311 182
370 368
377 409
230 264
320 361
192 401
505 646
444 533
298 221
326 273
545 409
326 395
411 296
171 679
322 295
455 421
230 520
492 632
385 273
563 601
178 366
311 468
273 160
253 476
143 647
201 363
371 475
432 598
327 331
307 211
685 462
392 373
388 259
645 301
349 619
424 69
206 367
676 331
178 205
321 346
423 117
124 184
229 357
634 174
744 418
499 292
451 765
233 235
293 582
402 468
268 422
223 619
288 233
616 95
311 277
410 536
178 145
594 606
268 611
366 537
534 677
673 537
586 274
396 212
433 382
477 517
545 543
541 395
281 272
237 120
526 466
428 573
67 521
374 704
330 500
320 203
269 249
705 443
356 130
662 336
316 430
611 160
377 385
161 415
362 200
379 638
335 317
347 617
341 652
416 686
392 232
116 258
247 473
148 500
217 681
509 271
190 289
438 271
181 154
203 522
582 289
628 329
301 78
367 282
271 84
305 420
248 251
384 446
276 274
456 338
276 660
186 588
487 315
269 529
433 289
283 643
160 349
446 551
96 284
488 300
557 496
230 170
435 121
657 311
276 595
544 488
502 63
207 544
111 549
218 174
495 724
399 297
609 507
531 559
150 348
307 479
638 320
549 160
422 331
243 542
567 405
166 288
380 463
165 449
441 524
344 609
535 256
566 346
315 262
441 608
408 310
629 406
371 313
440 335
181 264
606 128
334 247
462 457
34 411
424 107
175 595
601 661
145 632
534 540
452 327
370 641
578 253
384 536
156 450
489 680
454 658
421 520
377 326
378 417
539 255
167 618
417 357
319 625
706 383
315 579
398 574
388 542
156 214
428 608
474 335
229 656
193 325
212 676
347 519
449 295
518 457
689 365
579 698
216 296
489 221
311 152
735 348
336 600
689 506
593 568
596 306
207 158
541 531
253 213
502 429
295 318
248 342
501 322
349 296
240 86
417 389
509 529
302 474
283 253
220 479
213 581
261 677
560 346
295 118
356 159
374 630
94 525
410 315
378 51
238 248
399 539
555 554
479 407
338 247
604 663
269 399
309 162
481 112
362 498
680 490
526 276
323 554
438 428
238 334
93 295
258 644
633 624
323 475
630 306
516 323
300 291
123 357
273 596
388 352
483 212
476 502
130 300
561 440
326 109
298 465
392 529
321 395
142 236
454 269
242 330
410 340
422 396
105 276
190 352
390 521
446 447
613 293
452 487
529 308
129 254
414 463
276 435
260 621
347 450
411 405
394 486
359 360
50 368
243 511
345 437
135 385
514 358
101 492
695 494
598 180
630 203
130 376
334 656
506 225
431 549
642 402
605 286
532 723
423 423
363 293
408 200
554 270
188 549
543 76
566 155
577 568
682 202
594 480
381 362
699 446
442 268
607 400
267 639
417 533
448 696
283 490
588 476
603 561
646 410
412 182
242 512
366 363
287 658
477 514
526 222
490 389
265 552
345 398
586 652
250 179
409 238
439 717
413 423
210 492
347 400
507 236
506 396
489 654
422 488
297 113
433 603
331 328
442 610
371 486
251 246
568 312
455 375
312 515
428 205
403 276
301 633
552 661
515 245
198 345
272 229
528 390
329 234
526 687
276 602
353 445
495 399
492 679
203 381
366 216
338 544
196 550
567 418
449 493
173 315
284 389
603 416
435 448
524 225
206 600
509 520
271 445
264 205
361 138
484 300
364 554
286 385
503 345
654 153
558 358
339 126
140 179
373 150
361 541
561 224
166 522
126 310
636 102
503 165
471 360
668 187
526 368
460 180
337 239
469 201
573 728
529 405
230 604
636 597
393 369
305 446
504 240
444 511
645 260
143 235
504 488
322 402
449 256
236 288
503 455
164 359
327 261
593 145
366 242
345 406
534 521
537 203
647 506
513 393
503 498
375 384
149 428
659 524
513 562
651 406
537 401
222 293
573 357
532 470
279 579
648 304
299 595
353 559
275 121
166 252
462 348
204 686
295 402
751 527
699 319
607 170
304 512
312 371
244 315
372 567
578 268
295 332
753 420
416 682
617 604
664 535
580 610
464 534
411 290
359 598
537 457
475 297
414 587
600 219
542 356
403 560
392 146
245 284
228 468
664 205
519 647
353 266
447 460
364 326
551 422
325 648
108 551
436 475
548 186
360 290
593 511
283 102
489 294
146 465
136 501
715 479
454 612
83 609
374 464
249 450
628 339
592 724
78 458
504 538
256 602
202 459
312 656
501 636
236 141
375 287
277 332
267 756
443 429
549 727
493 182
426 509
293 145
725 367
487 283
589 633
654 513
309 264
244 434
440 382
372 360
611 290
282 481
518 222
481 286
351 372
333 488
208 377
97 471
272 240
404 322
191 500
381 136
220 288
607 285
292 321
667 629
115 568
297 507
239 499
610 280
352 225
438 515
416 477
112 172
601 340
481 626
373 359
322 621
460 346
259 110
634 559
300 122
343 706
160 689
376 711
577 366
580 436
248 665
411 310
605 653
606 647
581 380
501 198
493 280
434 556
489 293
693 328
557 292
110 598
258 483
440 680
302 281
456 403
178 290
470 661
280 514
673 610
331 69
219 479
515 618
372 739
423 769
481 300
264 246
311 187
68 442
560 673
88 204
300 159
557 266
519 634
498 215
271 560
450 121
653 386
509 357
453 450
548 308
455 169
221 413
168 480
483 444
284 684
366 202
481 258
262 266
616 292
246 307
189 234
620 316
359 277
467 744
721 516
671 374
695 276
370 422
359 450
569 437
539 650
635 256
343 483
593 371
519 603
389 424
279 506
307 173
499 48
226 514
335 229
246 382
195 158
551 711
431 561
439 178
345 388
566 486
230 174
366 535
77 443
245 408
312 436
393 240
290 529
388 48
704 260
153 254
263 291
148 371
396 358
150 419
224 105
211 204
577 636
358 394
508 548
365 284
559 262
195 141
331 447
446 138
297 555
371 622
280 305
300 206
108 399
244 502
457 231
304 477
397 634
499 519
362 254
580 704
95 468
325 555
284 368
730 284
431 428
107 330
280 537
465 579
407 404
572 540
562 673
227 569
285 321
347 325
124 196
420 758
245 231
138 336
525 513
189 90
415 737
562 371
206 606
343 176
320 334
686 434
195 499
622 185
526 233
532 172
457 375
147 435
689 416
382 202
525 331
507 88
420 384
363 668
333 412
180 518
313 470
478 561
380 556
453 575
261 294
345 390
761 327
590 285
525 170
420 436
390 613
381 288
325 612
597 320
258 535
174 406
392 266
288 151
565 489
289 716
419 532
387 141
154 366
310 758
170 416
257 156
622 309
586 349
621 434
500 670
682 251
537 103
406 608
407 584
545 236
377 662
432 167
429 573
355 224
587 233
473 608
466 373
636 368
419 319
563 563
336 257
186 448
515 582
378 178
426 276
424 128
76 376
97 416
220 670
477 524
492 338
465 212
140 346
502 558
662 424
436 533
426 624
173 274
165 542
448 595
377 354
435 596
186 271
764 413
267 295
203 691
178 327
241 686
594 126
365 200
473 131
207 477
278 622
472 199
481 566
280 42
389 467
87 449
88 336
307 530
340 527
368 405
518 647
515 232
446 226
523 279
109 249
479 274
366 652
294 154
210 560
648 186
318 296
232 368
451 552
584 136
377 487
488 507
492 430
192 387
485 655
444 755
329 629
716 580
440 605
114 604
408 134
257 602
532 537
323 320
265 579
328 482
316 453
119 463
387 226
251 484
266 390
198 581
199 461
604 464
340 327
480 356
439 515
137 293
419 551
560 302
476 318
427 277
449 546
354 375
456 313
441 142
390 642
135 256
401 492
542 291
382 75
387 450
305 412
208 722
339 156
554 347
371 52
429 397
628 228
494 609
76 535
155 624
343 71
273 413
181 492
380 611
294 586
271 223
530 287
307 339
553 241
480 464
419 482
412 78
734 277
254 216
439 275
324 432
649 362
687 485
283 500
330 499
493 630
148 501
349 670
197 511
649 549
727 331
368 636
516 244
299 124
667 265
391 567
571 497
632 408
638 643
137 411
193 688
414 184
295 564
603 423
192 427
371 452
485 492
143 397
378 463
194 364
414 585
292 127
649 315
221 620
626 302
343 668
262 296
330 208
526 579
436 337
242 478
456 388
298 470
571 363
360 231
473 534
251 239
280 157
310 558
250 374
153 477
448 552
389 542
623 374
173 171
406 281
462 181
389 768
326 554
435 624
640 647
452 492
444 289
505 489
428 585
206 306
322 135
382 300
733 428
267 542
557 448
337 562
395 369
483 162
384 31
267 659
672 351
475 625
139 247
577 712
457 626
433 408
497 317
26 361
687 634
260 210
677 172
514 726
492 268
705 457
315 218
353 606
494 412
562 340
494 181
698 557
412 640
330 239
426 234
471 216
476 613
620 687
377 176
485 675
524 417
353 107
569 102
309 90
444 483
510 593
486 676
625 444
201 415
329 306
620 446
502 519
141 246
230 727
343 185
285 684
597 603
351 399
483 86
296 226
515 571
324 396
552 588
399 537
356 389
393 447
227 442
551 548
328 511
371 561
493 765
458 394
371 487
192 540
167 411
170 524
213 352
201 681
194 215
278 388
217 228
544 279
237 332
324 709
376 108
146 398
250 568
140 554
302 567
335 434
357 350
385 361
293 420
535 255
261 258
199 306
667 138
434 389
197 582
109 539
409 282
556 324
657 598
476 112
483 119
480 521
380 466
278 502
258 290
434 423
269 176
129 479
385 464
516 187
495 502
247 546
314 545
366 729
749 336
281 308
494 148
133 350
392 60
444 575
465 660
657 282
301 443
440 387
427 429
175 448
311 730
426 594
393 346
135 299
77 391
513 89
461 285
381 476
730 266
646 505
166 420
288 350
413 597
374 517
656 548
588 265
303 465
509 735
169 453
532 287
567 430
434 134
297 301
34 472
562 216
306 286
514 423
539 543
476 363
407 418
363 478
319 489
417 403
258 263
503 449
310 676
620 179
625 351
523 403
159 527
525 664
422 574
461 383
515 359
277 614
539 252
754 281
356 492
299 465
500 412
639 110
262 625
544 372
150 243
642 389
326 266
742 480
295 415
437 253
287 213
357 563
659 645
176 185
637 256
161 541
558 339
161 552
266 159
328 374
502 690
479 599
93 291
453 192
587 483
190 663
44 277
155 204
485 439
229 384
554 313
270 515
497 462
416 482
453 375
256 472
690 406
673 391
325 357
620 277
271 232
550 392
468 366
570 130
355 162
402 346
323 495
426 437
122 208
192 108
330 699
445 522
469 380
718 243
374 258
748 520
450 667
299 147
693 474
155 441
551 83
441 452
440 202
611 302
250 511
278 650
633 230
328 549
110 344
587 290
351 248
496 160
700 373
351 380
47 343
565 342
586 646
393 354
454 569
391 439
575 575
693 317
465 410
716 190
175 510
165 671
385 540
206 205
46 269
288 392
272 319
403 500
454 331
127 294
226 564
484 384
537 221
419 130
276 336
587 518
449 196
266 660
383 654
358 146
654 422
240 334
471 510
256 345
666 346
318 497
205 281
398 444
209 698
362 536
204 245
503 528
233 209
206 135
306 409
463 377
360 724
594 452
358 156
464 498
179 459
480 215
443 683
259 229
495 247
424 235
487 296
247 513
440 319
478 347
352 404
368 337
429 251
333 452
551 491
652 478
524 52
375 162
442 483
301 517
604 430
321 457
518 270
502 350
350 106
344 647
690 270
228 313
133 532
133 516
269 386
321 130
310 346
75 520
239 127
490 328
475 355
199 582
465 149
134 171
711 205
624 159
250 373
117 362
271 456
206 115
334 579
401 646
39 345
149 476
394 223
372 263
432 343
599 718
68 370
284 675
231 437
381 450
212 317
576 190
411 633
230 512
467 211
339 104
266 259
578 438
472 57
287 400
136 470
433 351
391 583
487 492
137 297
131 482
128 340
366 303
387 425
282 470
645 470
372 255
241 438
456 332
551 419
581 436
364 365
375 448
474 567
701 230
705 436
529 569
268 372
667 283
275 217
266 270
146 429
375 478
745 511
415 625
572 395
667 544
607 515
531 738
534 223
132 448
390 217
210 251
636 390
535 403
412 93
348 582
299 357
248 406
528 505
81 205
266 382
506 314
465 389
116 176
442 415
412 278
615 701
259 432
255 425
454 616
508 444
484 155
592 636
507 313
578 321
604 415
433 438
218 485
357 606
99 225
531 267
492 593
477 418
529 316
583 153
427 79
310 63
172 530
404 520
455 434
453 325
378 681
443 528
261 367
396 240
374 298
358 677
596 703
361 376
324 278
196 376
139 609
573 156
565 343
335 704
446 586
318 205
416 214
303 572
225 113
338 651
293 471
256 549
295 604
329 328
614 392
386 535
248 465
717 452
578 474
96 458
212 212
151 617
158 583
641 243
582 186
204 453
230 164
510 489
424 684
339 210
88 428
460 515
291 212
267 184
277 385
512 291
225 552
385 99
490 74
585 450
297 258
359 415
597 376
268 326
138 239
638 454
241 318
341 207
512 235
590 219
556 466
253 590
507 503
524 191
434 308
317 558
342 444
460 565
394 227
687 398
298 506
662 528
301 54
563 477
425 571
584 490
192 526
186 478
571 482
320 671
410 329
423 352
274 350
641 400
536 238
94 448
222 546
670 143
464 173
527 313
247 299
396 403
532 606
418 418
398 454
537 627
388 361
644 331
429 417
519 610
489 405
364 519
544 486
232 536
491 155
383 739
410 291
372 219
350 46
116 562
83 429
363 416
740 499
568 389
301 391
267 304
536 607
579 260
555 310
148 370
308 761
578 383
627 455
402 550
290 433
404 371
364 332
231 134
438 219
324 417
369 372
479 430
608 194
487 407
336 482
402 409
377 245
355 456
496 294
447 356
235 106
227 532
520 441
468 409
120 309
193 443
287 394
578 657
371 631
722 420
344 385
411 208
194 234
545 591
406 395
192 345
532 43
280 504
250 230
369 83
270 250
388 515
465 532
433 572
452 575
644 583
366 465
311 328
357 393
489 668
546 419
450 129
315 512
315 285
607 385
349 101
342 403
440 595
389 657
394 323
228 397
364 679
670 221
325 272
434 405
434 279
361 662
283 472
376 565
460 84
393 302
446 573
653 536
636 327
107 470
670 296
618 422
178 674
299 245
256 388
543 653
563 661
485 524
215 504
530 150
514 413
125 520
571 591
345 389
587 117
417 361
417 572
269 466
330 390
475 606
251 495
425 529
447 656
393 221
200 489
490 563
266 321
624 489
714 358
467 507
551 490
300 282
294 182
200 599
541 466
498 114
303 348
337 386
55 552
184 132
475 663
549 133
489 228
362 105
391 490
516 193
477 296
595 254
328 329
214 398
419 414
380 420
294 237
153 160
424 723
275 631
454 330
500 175
720 367
271 409
481 602
542 445
585 423
426 584
437 615
250 445
361 195
376 176
313 223
418 678
342 599
297 186
307 294
364 620
338 193
510 288
487 282
317 615
466 695
151 421
428 81
371 668
113 485
466 365
355 227
594 648
640 244
389 54
217 729
352 363
383 270
547 146
396 450
241 282
257 202
192 378
490 634
400 403
427 23
449 458
427 339
228 430
240 127
605 208
600 345
331 412
479 471
494 240
437 336
604 498
180 404
544 665
312 675
410 262
140 287
307 454
55 351
233 221
763 391
468 213
346 649
632 482
582 372
175 523
165 419
412 262
486 439
602 159
167 550
171 346
662 325
277 306
170 464
462 221
483 226
382 741
216 241
192 190
360 78
249 304
385 525
492 191
630 180
290 262
498 391
763 500
564 521
503 416
368 538
255 227
388 89
502 585
553 498
648 626
233 476
209 512
240 519
330 651
714 573
424 403
548 425
322 505
287 480
573 265
298 461
336 507
464 625
687 323
491 448
455 360
478 616
261 290
316 250
575 526
518 289
475 234
374 276
494 349
632 414
413 388
554 438
675 566
87 518
282 150
458 140
423 211
223 523
481 210
250 252
596 309
426 616
168 307
192 160
551 202
426 378
740 396
287 204
497 558
442 456
334 445
409 188
285 221
564 412
165 236
350 391
528 612
355 407
467 427
263 479
553 525
429 81
237 494
402 185
252 347
345 283
608 237
643 264
354 388
413 137
294 300
320 234
394 123
306 63
427 435
420 566
481 193
646 278
337 422
109 483
555 364
433 654
22 443
511 274
417 239
316 525
450 109
537 587
628 219
438 450
274 294
181 543
278 298
514 237
175 244
385 299
137 480
328 394
317 674
337 331
401 350
659 226
481 236
284 202
318 348
508 555
463 437
356 694
356 176
139 390
284 543
487 518
419 467
222 481
422 735
380 259
638 288
341 559
166 176
512 333
190 197
476 507
422 497
151 523
235 302
421 528
390 624
518 652
417 383
414 506
551 640
476 401
316 452
414 501
375 296
644 282
629 437
454 417
414 230
370 623
515 305
330 235
512 658
534 615
283 230
636 360
341 420
76 473
561 350
274 469
439 613
282 302
73 213
372 376
634 227
382 483
385 639
631 296
627 452
549 542
686 397
544 307
343 693
137 386
445 586
527 264
498 503
244 280
467 262
510 229
600 573
226 367
526 593
338 582
194 674
400 574
385 363
435 438
497 382
242 304
225 239
697 636
487 479
724 251
477 88
290 214
111 216
491 383
279 404
54 519
287 186
464 127
532 465
251 627
157 574
600 550
602 395
388 230
432 44
611 484
459 349
355 386
364 615
476 572
490 585
271 449
246 371
135 637
716 459
537 377
410 415
336 537
373 602
329 295
621 469
401 363
259 337
453 437
405 70
540 573
633 636
677 162
599 431
450 496
543 327
333 312
439 309
584 188
333 264
241 269
556 482
162 383
201 355
419 233
283 471
446 211
321 428
619 677
82 211
435 173
203 566
258 434
320 394
307 531
97 301
181 374
551 406
67 449
447 516
516 394
165 279
310 686
484 455
310 397
190 592
545 555
597 498
394 472
460 330
264 558
227 581
603 262
605 411
427 239
343 472
295 573
453 451
402 206
240 645
350 519
537 267
513 205
387 214
261 605
607 299
573 558
500 524
288 581
126 274
553 283
195 382
333 275
268 268
516 726
354 324
198 690
522 332
434 465
230 261
459 160
453 540
304 589
370 418
426 502
190 601
561 491
273 416
471 649
234 622
311 502
323 586
583 408
690 378
581 500
513 587
566 709
224 240
351 480
646 561
327 455
364 497
457 268
251 80
129 385
652 641
545 458
355 551
637 413
142 612
372 478
241 499
588 280
564 118
190 679
376 448
510 275
121 486
218 349
495 421
403 126
87 536
169 313
447 452
541 373
187 174
644 166
621 439
288 304
617 533
463 580
709 325
482 157
257 518
567 234
459 580
244 311
570 343
254 597
563 263
540 506
573 546
489 246
415 266
157 241
463 316
191 313
170 441
215 268
146 516
226 255
148 372
226 102
276 387
345 34
539 426
407 480
387 457
375 687
296 711
98 422
179 558
259 508
530 548
232 428
619 550
624 680
445 216
619 320
420 516
341 377
624 548
617 587
561 209
516 355
524 497
166 370
245 443
124 172
486 637
300 512
585 116
461 590
334 587
318 487
393 217
27 426
734 523
339 536
469 31
224 123
83 376
637 524
101 537
369 402
423 165
274 351
571 221
500 342
469 396
767 382
344 361
725 427
573 502
674 548
337 477
635 506
172 240
484 496
552 327
657 460
535 592
320 128
353 374
511 592
251 539
186 317
381 91
325 247
428 571
335 446
602 570
596 411
335 322
180 225
305 455
312 573
513 338
681 426
485 580
307 241
236 366
401 123
144 539
276 587
537 673
372 603
514 373
324 377
412 405
535 564
327 348
703 265
437 252
692 417
280 308
679 453
617 185
327 433
269 407
396 590
189 414
538 149
528 442
406 594
609 415
319 354
236 398
301 378
407 218
536 548
239 627
303 499
587 442
604 493
149 125
442 690
70 275
544 424
545 569
507 137
611 358
190 350
414 368
446 360
241 340
414 457
313 594
338 718
157 288
112 461
501 379
400 130
158 486
403 209
430 658
630 320
497 621
542 299
206 374
750 464
716 605
412 645
453 420
364 173
392 268
95 367
368 336
739 349
595 467
766 298
668 260
559 542
175 466
334 762
519 227
647 193
412 400
517 596
697 561
322 443
207 430
631 148
321 260
260 430
578 247
514 596
621 341
223 110
279 301
169 286
303 375
247 498
333 531
547 519
439 485
496 183
264 354
185 445
373 401
335 47
512 159
468 332
171 209
71 394
529 358
373 397
551 354
339 229
745 242
182 635
332 151
258 396
228 423
326 258
77 529
687 254
627 239
543 227
520 384
165 266
710 520
304 594
319 410
350 294
247 481
285 535
559 177
321 164
478 354
634 272
623 411
133 391
279 563
141 476
332 500
218 161
160 355
290 320
484 111
697 512
481 706
367 499
338 53
543 220
288 457
603 314
292 538
610 644
297 257
344 211
448 366
41 487
246 582
542 362
389 298
425 558
219 588
546 610
391 157
285 318
105 443
130 348
233 182
570 184
144 373
528 279
488 143
300 626
472 375
368 584
248 244
575 268
396 90
497 295
506 521
157 468
426 348
206 375
380 444
681 199
268 670
455 433
552 158
518 542
411 212
260 375
356 570
165 275
373 490
700 320
327 406
195 465
334 223
467 46
597 534
170 596
537 633
220 549
575 116
542 488
261 699
401 359
293 682
228 405
257 648
527 198
293 392
374 333
562 613
377 261
564 568
189 389
521 477
319 576
512 489
237 514
81 217
642 512
443 465
452 524
477 429
384 519
198 468
537 403
167 652
669 539
231 312
573 481
241 188
292 579
566 514
194 287
526 70
294 364
444 154
405 431
430 576
463 125
316 368
106 422
194 515
246 216
195 479
272 141
279 294
278 269
384 548
249 619
71 277
139 540
611 167
306 392
361 612
730 484
473 677
447 105
255 414
292 360
192 467
738 471
559 490
279 359
185 400
395 421
546 269
398 449
557 508
481 189
463 300
706 349
464 190
299 394
470 342
413 690
406 272
616 511
666 497
468 313
454 358
559 602
621 335
153 430
497 454
486 466
623 414
303 354
348 372
378 659
495 251
405 416
203 518
513 165
348 366
458 203
540 727
291 327
94 208
174 341
386 189
197 531
553 587
386 399
235 631
336 498
403 195
314 436
335 691
528 538
431 448
550 693
482 200
403 490
467 138
197 450
500 326
679 143
531 645
645 525
597 326
342 423
661 183
461 398
417 387
673 417
488 628
92 254
149 224
173 669
117 507
418 122
121 343
272 454
360 617
532 412
50 481
661 643
315 453
502 380
549 353
249 589
456 258
566 309
232 313
296 337
667 394
587 392
129 477
653 187
218 447
615 293
140 261
620 379
545 57
175 173
547 541
358 446
411 667
438 103
261 167
544 544
178 312
385 260
370 606
514 242
356 488
337 301
321 311
769 323
485 418
513 559
324 540
549 567
566 527
324 419
401 414
367 342
405 166
637 349
479 376
551 119
210 121
353 662
511 432
252 420
380 447
604 146
467 121
474 278
628 589
377 629
465 193
259 329
331 449
448 197
399 359
545 558
660 227
533 495
369 688
351 474
259 650
588 291
504 721
371 100
697 399
527 705
567 693
520 755
516 360
212 359
472 306
638 436
391 252
217 669
383 339
514 539
295 481
318 416
578 444
426 386
309 592
372 166
611 536
324 480
458 136
424 266
493 522
663 333
417 258
661 348
566 290
298 626
488 523
220 72
239 533
419 115
628 226
298 477
553 334
684 292
547 195
709 548
233 319
631 537
146 661
396 137
428 396
638 297
528 467
483 258
325 224
381 354
102 313
476 595
152 197
373 53
474 232
421 262
332 591
573 362
353 433
398 431
682 477
468 684
336 615
557 408
280 186
502 235
352 164
300 524
408 546
307 595
179 682
607 581
144 445
342 527
523 486
306 613
318 620
488 105
400 382
250 594
543 616
64 415
86 525
191 275
420 356
182 664
360 230
359 464
134 221
419 410
461 677
449 240
406 355
508 328
161 407
587 409
391 351
450 618
621 590
600 370
239 691
389 51
170 615
211 150
488 567
369 535
438 302
431 401
434 537
181 296
118 409
187 333
424 175
564 116
292 161
371 420
419 97
264 517
198 281
545 600
574 284
410 393
558 536
507 357
427 226
336 397
223 449
540 305
734 340
602 384
404 372
468 635
580 491
606 299
229 338
320 614
159 478
316 351
575 338
420 290
575 369
696 306
510 660
433 458
557 580
290 592
533 610
236 279
293 210
399 246
298 335
480 247
317 490
663 445
303 285
493 545
172 160
364 191
699 463
332 497
603 557
581 217
614 275
346 225
473 466
220 402
394 281
308 271
526 480
304 558
515 193
419 709
711 334
427 440
683 369
545 421
300 686
397 119
615 125
352 533
533 297
269 485
750 492
575 564
647 358
493 264
395 409
281 450
243 102
643 266
249 222
314 372
38 333
182 385
487 51
580 619
304 126
393 684
610 338
530 351
336 573
262 105
470 411
392 422
231 465
355 454
542 86
229 424
317 131
407 374
363 332
640 220
155 432
566 360
373 254
243 414
588 544
596 286
101 410
350 495
399 384
585 306
526 424
218 409
391 488
366 605
425 462
586 536
365 433
585 623
351 386
180 265
434 600
287 303
363 529
371 518
566 342
327 168
77 495
278 214
213 496
118 416
550 582
455 201
336 132
399 173
269 436
346 325
513 440
387 602
486 652
261 606
523 142
349 193
355 495
189 645
557 223
431 515
263 584
490 437
484 583
238 176
455 359
408 93
145 572
576 473
109 427
482 172
533 522
307 458
215 435
451 103
492 333
578 163
264 483
421 280
189 322
150 638
303 600
326 135
596 587
423 451
238 525
257 339
557 138
292 408
487 510
696 560
468 400
573 522
328 662
419 557
485 118
502 496
403 465
582 376
519 405
539 483
105 269
339 389
544 139
500 490
349 480
527 645
375 406
449 140
231 685
701 417
221 269
484 516
404 486
686 474
300 238
588 218
55 329
752 519
236 582
504 69
517 399
410 267
646 601
359 367
209 576
572 260
266 541
645 557
523 587
418 292
511 398
306 556
329 622
322 75
302 470
278 660
219 213
457 300
284 454
135 573
618 482
389 495
714 309
156 251
231 584
427 537
546 85
539 604
188 482
559 321
307 231
525 262
341 166
77 320
268 238
161 543
438 564
344 218
451 753
620 627
673 206
620 422
328 352
555 360
671 313
144 255
497 591
237 372
246 721
597 340
609 433
343 262
86 326
194 172
101 277
328 323
226 64
370 243
205 437
655 266
443 238
315 277
307 115
257 124
492 280
562 316
200 600
259 234
409 120
343 351
425 232
379 572
650 369
120 283
555 291
370 352
324 227
151 515
254 133
347 282
493 560
342 198
357 541
636 615
521 486
364 405
285 366
207 542
307 361
562 253
279 372
516 147
334 492
412 469
373 373
369 486
397 474
213 447
351 295
248 531
325 606
279 436
590 357
259 289
369 468
571 260
416 667
191 248
687 525
154 276
434 468
491 611
455 535
472 747
548 172
231 487
457 614
435 252
562 126
290 417
259 178
557 350
270 97
694 528
355 59
497 668
203 432
321 398
569 386
432 135
422 397
261 375
542 638
482 269
458 348
335 398
602 130
591 544
203 351
518 477
506 463
269 91
519 258
196 431
585 189
298 174
71 574
630 264
526 411
363 303
668 246
388 302
511 621
340 548
645 431
85 463
231 259
496 436
559 369
221 286
494 273
691 280
180 371
572 265
277 182
437 392
445 203
690 405
646 354
310 532
599 267
326 115
426 586
155 473
257 586
153 532
343 233
635 420
224 455
431 503
516 334
152 247
584 504
51 350
310 460
384 477
457 602
476 492
722 329
438 416
335 594
388 669
459 400
409 373
621 602
565 680
233 593
285 534
515 291
349 475
175 556
163 697
601 579
544 385
607 602
456 173
463 72
480 441
153 487
702 226
512 290
278 397
227 392
290 197
251 310
93 236
191 493
536 515
409 154
400 203
236 242
622 692
451 495
417 445
470 96
169 354
320 338
480 677
659 243
298 607
728 517
380 513
376 354
779 416
240 313
520 522
543 460
431 293
431 506
572 495
416 301
460 298
584 698
70 262
105 391
528 355
219 409
245 321
253 225
517 272
449 485
366 189
530 305
595 355
335 117
588 408
527 218
298 469
231 311
383 332
295 107
626 362
646 313
273 602
337 636
183 389
451 340
200 658
423 530
326 663
560 205
511 520
424 627
118 218
630 549
283 400
470 337
195 517
209 499
143 591
177 414
164 315
460 397
342 534
195 249
162 422
404 613
586 395
412 522
636 558
679 457
567 210
452 586
569 213
460 337
406 587
570 272
441 445
597 384
96 289
185 310
241 691
526 223
326 616
414 310
410 740
255 465
557 117
338 221
243 476
667 615
469 551
268 295
614 609
617 681
79 474
88 405
352 358
260 89
306 144
340 283
323 230
408 219
194 558
698 201
480 47
346 469
362 445
72 436
483 459
221 441
604 473
385 410
355 490
430 118
64 303
481 559
316 444
487 483
440 357
444 611
568 559
271 388
505 107
143 304
485 521
398 583
63 461
517 631
330 392
238 256
165 378
265 538
607 625
205 449
385 379
350 504
614 244
339 298
398 334
363 388
324 184
409 533
176 362
581 488
489 355
719 352
613 333
368 182
338 482
599 557
390 125
738 356
181 190
731 305
552 337
541 179
295 639
185 673
317 141
150 360
351 575
286 416
86 607
375 392
409 489
490 211
340 568
278 418
463 398
167 413
525 365
573 203
615 348
549 255
52 545
487 218
677 488
529 464
558 254
281 564
367 306
643 260
137 382
174 457
469 624
234 515
406 216
299 383
277 756
177 419
286 460
540 458
427 316
575 314
345 606
368 363
138 522
357 354
125 255
406 306
117 486
638 196
93 464
422 265
250 534
538 677
357 411
389 515
295 403
594 497
591 482
317 172
746 321
367 205
642 654
430 747
492 484
156 161
509 550
213 464
147 462
653 361
238 187
549 512
161 338
371 282
568 125
590 481
601 616
493 405
569 412
561 456
222 641
256 431
119 294
150 499
644 370
355 619
481 196
92 342
369 171
329 499
527 344
549 146
594 487
650 625
277 257
680 253
281 461
554 456
677 359
540 667
149 575
619 282
347 196
267 562
269 486
83 219
303 584
495 573
612 453
341 400
712 380
407 211
758 451
236 356
435 197
174 137
337 537
358 331
478 465
58 425
667 268
740 490
522 253
474 96
271 454
634 402
423 359
352 510
527 220
312 546
589 389
227 403
472 408
528 520
570 289
384 475
423 307
84 310
404 299
571 194
188 590
249 516
140 305
372 248
81 521
551 372
591 249
402 323
466 558
182 269
311 350
326 108
651 273
454 682
649 351
412 581
61 271
618 184
563 127
457 89
271 219
242 507
607 306
614 547
403 158
522 635
349 628
264 616
280 518
505 89
329 462
632 532
440 662
521 472
402 149
477 289
152 430
386 213
565 125
616 583
649 562
251 244
294 265
539 491
352 364
706 420
385 392
314 327
702 310
408 118
401 628
257 184
254 289
345 181
615 173
651 463
539 389
427 568
625 422
263 451
359 520
272 232
520 214
241 395
233 115
776 404
387 382
225 613
478 627
418 303
722 469
592 532
374 266
370 332
577 268
472 281
440 449
218 643
560 602
132 177
603 428
630 620
254 648
627 371
482 439
230 332
176 279
482 613
755 406
622 433
441 544
307 328
597 486
518 452
329 440
269 606
326 590
576 445
450 214
608 489
640 430
336 340
615 420
513 438
365 593
331 446
318 503
456 157
209 544
519 60
444 551
516 54
83 213
533 172
352 311
280 259
630 441
675 281
590 236
297 232
250 265
390 380
555 498
659 530
482 350
645 623
687 598
474 578
285 687
517 481
613 593
285 111
230 142
501 311
249 311
442 636
476 263
388 482
386 486
640 252
405 424
258 243
530 569
448 570
467 745
117 598
448 396
447 631
592 511
519 204
61 538
446 198
134 454
460 481
412 52
539 243
228 182
485 533
529 605
361 336
606 320
446 338
647 441
241 588
209 423
643 434
331 498
211 299
336 416
339 358
565 320
511 169
400 343
348 240
365 580
663 427
303 409
401 750
413 234
665 357
186 572
721 507
402 568
414 131
553 305
542 311
370 747
294 212
668 504
260 143
299 94
405 283
244 365
263 491
314 516
640 130
474 481
277 734
651 363
378 568
704 404
155 337
401 675
562 220
472 213
267 478
308 244
321 334
746 318
387 404
341 457
635 642
233 379
463 325
668 454
409 322
569 206
404 441
400 350
276 258
575 435
453 580
461 555
58 421
429 458
190 519
661 556
430 376
500 503
620 386
210 164
353 739
475 340
108 352
286 293
269 660
402 732
564 563
506 465
410 627
148 383
400 449
313 692
274 157
247 101
632 473
213 519
456 444
495 176
300 333
454 332
201 168
576 322
67 332
606 566
560 158
428 353
385 318
282 690
550 180
259 476
227 255
189 638
382 351
372 201
312 551
193 286
416 20
454 294
349 570
726 259
334 642
561 317
385 57
606 105
539 246
272 388
460 46
452 370
750 326
439 171
303 589
777 356
173 465
388 486
338 185
435 219
258 452
437 381
469 724
595 239
473 245
446 403
622 405
192 521
367 656
460 606
343 605
415 487
408 594
575 485
183 574
582 542
248 522
376 501
685 406
576 390
483 307
422 636
148 275
274 580
266 402
475 241
570 194
531 328
241 287
671 442
459 379
719 288
284 471
468 338
224 575
339 150
225 452
721 493
502 527
213 728
139 626
190 415
624 433
472 420
453 326
378 577
322 541
110 266
658 476
197 642
271 704
269 568
704 323
399 733
129 406
628 494
349 762
561 385
272 91
320 187
559 427
468 443
540 454
497 537
395 438
262 276
443 514
317 293
557 240
418 411
454 500
483 379
504 561
363 551
292 209
382 486
226 438
189 374
617 663
546 374
642 409
335 632
345 352
649 418
376 617
591 519
440 641
610 322
361 567
362 270
329 579
225 157
600 306
639 385
206 470
440 498
385 438
776 396
400 694
442 499
534 404
429 275
293 485
599 244
275 545
153 350
79 332
390 166
490 410
303 440
326 168
634 546
475 727
501 465
546 593
494 235
301 242
271 383
304 273
581 640
577 432
515 739
487 248
390 97
724 366
366 64
761 409
199 509
266 225
570 578
579 555
444 356
633 228
318 407
478 336
404 560
424 444
265 222
376 474
562 222
417 382
324 301
392 650
419 279
620 365
520 587
440 329
460 585
190 538
390 427
322 218
263 342
477 613
433 511
241 180
439 340
722 494
576 634
389 330
391 54
106 445
212 490
549 481
289 501
529 260
417 185
347 442
185 205
325 156
476 506
401 216
144 400
232 345
571 199
426 440
308 62
285 368
183 566
60 393
354 314
579 378
697 221
438 241
602 560
481 342
660 497
406 558
613 403
293 187
265 315
609 422
339 511
624 468
553 567
111 397
603 99
598 622
149 448
291 544
319 240
289 635
380 644
315 508
351 218
576 350
531 529
418 710
477 367
294 406
388 384
129 483
317 485
527 414
239 449
484 296
192 228
243 229
575 373
507 414
542 111
522 414
594 527
267 486
283 350
253 425
440 501
595 371
321 338
255 300
516 490
735 434
105 527
68 239
51 394
306 185
558 330
500 411
544 447
457 394
442 392
312 161
548 545
719 580
574 581
584 569
305 499
737 430
245 456
572 367
414 269
469 706
147 511
191 319
314 420
264 290
97 242
277 501
562 324
181 386
321 599
191 482
359 494
464 533
298 33
315 202
540 313
307 632
543 221
149 407
284 302
454 444
306 509
283 71
459 367
381 585
517 342
326 155
181 356
194 655
342 661
318 434
281 536
491 536
181 587
79 576
335 417
275 703
705 343
454 215
418 221
492 516
301 341
345 494
275 407
237 544
375 382
658 512
365 556
403 381
336 170
442 334
244 594
407 426
271 221
411 318
204 416
295 264
449 561
52 345
526 511
419 341
611 411
442 175
439 631
434 507
217 578
411 420
226 228
393 550
40 497
295 593
604 186
452 459
403 542
365 223
303 373
464 154
535 347
539 349
387 378
278 441
560 724
408 719
702 470
399 54
323 93
428 292
382 262
602 283
479 180
635 383
309 334
616 268
538 433
637 377
200 386
309 224
262 305
207 676
205 557
391 210
296 303
427 220
685 544
567 395
591 189
359 681
122 437
178 439
612 336
590 444
415 397
668 437
274 576
451 634
321 456
558 476
697 300
328 569
195 299
307 510
277 511
521 443
397 418
301 528
286 170
324 223
371 476
570 431
314 181
388 407
361 327
536 458
412 541
315 232
574 225
328 360
417 317
313 677
425 305
423 242
128 238
365 411
491 224
410 509
277 379
188 299
629 412
701 207
452 159
423 494
524 155
525 344
166 609
267 405
396 529
269 353
488 234
488 340
409 519
388 562
272 303
731 447
402 378
557 565
171 360
559 314
348 609
169 426
334 235
371 121
396 514
362 426
271 54
404 212
471 579
198 465
399 295
559 272
290 321
493 396
176 259
320 623
258 391
585 319
510 682
397 327
329 519
549 639
312 569
451 646
375 179
184 181
721 315
509 436
696 487
496 523
50 256
570 387
482 441
229 460
506 385
281 555
392 497
262 132
300 587
488 407
393 295
621 609
504 334
504 408
547 304
281 507
634 585
525 598
471 633
641 144
241 467
705 452
299 601
365 309
47 503
404 336
448 71
336 435
695 289
385 450
190 469
486 427
633 288
467 62
280 667
203 477
374 120
188 304
310 295
258 490
375 263
216 428
403 185
342 675
563 525
25 440
451 343
545 467
401 307
222 227
423 488
222 216
208 380
433 323
240 323
558 264
209 391
497 184
351 698
401 488
257 621
329 443
453 408
362 375
472 497
172 551
529 58
496 750
219 446
694 372
229 631
433 554
394 240
179 331
388 582
555 346
221 473
506 203
578 564
486 364
200 347
515 208
114 363
511 308
247 382
298 233
68 347
506 436
269 567
187 365
580 422
373 703
192 679
567 431
147 307
573 474
448 425
201 597
238 458
120 656
498 366
252 571
610 428
505 604
131 291
325 488
367 562
467 628
546 131
570 558
278 191
538 179
549 570
497 432
550 697
134 626
662 506
654 607
275 588
178 640
282 477
220 278
560 576
590 315
216 453
117 576
494 250
321 408
681 530
170 217
468 252
400 374
610 353
469 253
634 573
102 507
452 169
420 520
350 228
571 268
452 609
725 462
434 569
595 696
233 301
401 543
664 401
192 219
385 403
573 247
275 105
339 664
193 494
191 596
441 515
52 362
354 37
566 459
303 525
474 519
646 138
404 24
457 670
590 701
450 714
198 283
709 407
337 191
319 339
628 400
261 435
345 235
374 687
331 575
474 273
709 543
270 439
280 379
431 422
340 488
76 554
375 77
606 691
726 376
363 450
251 505
277 566
374 476
186 350
574 664
290 59
475 27
449 320
359 604
390 368
635 327
368 594
444 265
302 516
494 313
268 199
276 296
475 406
213 730
260 611
347 193
634 492
536 241
224 388
480 178
518 599
405 229
187 437
304 662
235 626
697 464
537 691
420 175
348 418
510 182
549 518
601 521
347 540
617 423
434 562
667 235
171 377
294 613
224 340
521 385
382 115
457 616
216 665
124 179
156 336
730 586
400 322
84 361
587 437
322 401
190 278
265 139
650 604
408 187
437 562
398 278
367 534
269 444
358 728
401 547
587 310
299 480
357 259
666 589
501 275
511 317
760 462
607 354
165 295
678 444
556 668
429 529
258 581
604 317
576 317
438 299
317 571
576 458
443 428
584 356
219 330
643 161
411 444
389 440
486 380
268 131
608 198
377 609
402 655
556 290
325 502
351 588
485 421
431 475
289 437
452 698
73 281
265 528
467 711
405 516
508 457
279 686
609 156
101 217
113 245
528 272
707 580
388 419
314 355
600 532
248 407
458 610
505 194
333 389
369 568
395 483
345 430
420 345
172 408
372 208
540 179
419 221
159 199
692 406
332 615
261 587
488 332
416 297
339 250
301 471
300 214
530 561
523 176
254 647
176 439
226 508
413 358
719 450
516 538
672 429
218 592
453 267
342 480
328 493
395 153
631 439
455 215
540 183
135 415
176 134
185 350
171 618
296 446
350 312
182 454
459 223
74 393
395 186
425 161
504 247
257 711
605 480
452 238
595 612
359 632
413 363
181 343
550 314
486 725
696 370
491 273
173 425
270 610
603 316
619 516
376 605
537 281
675 500
379 476
402 522
513 500
421 588
471 153
417 752
377 309
657 574
546 512
87 280
496 412
692 387
465 585
152 383
289 240
275 280
152 444
431 462
508 624
402 408
684 192
651 417
396 207
342 200
702 557
262 219
302 655
144 624
233 574
225 519
408 183
468 593
486 444
615 398
159 550
282 145
195 340
548 208
537 254
323 474
277 732
301 472
438 565
498 375
648 325
549 159
405 410
374 192
227 487
529 461
304 451
461 458
390 711
416 541
374 538
538 327
500 197
559 361
277 135
125 259
301 408
365 360
406 458
404 428
372 374
542 633
350 338
141 312
413 259
157 397
373 670
685 509
378 241
249 192
276 524
413 347
551 371
625 228
415 580
495 57
659 432
355 158
225 434
560 275
446 218
277 269
331 262
273 177
578 170
514 575
186 548
722 384
493 632
438 576
310 518
396 270
737 410
394 248
58 477
519 349
356 409
303 166
504 657
315 532
316 367
417 662
452 504
265 632
473 485
434 519
330 445
190 676
604 560
309 380
349 360
187 456
228 374
151 210
266 297
310 660
407 398
529 580
533 283
352 767
303 341
476 657
223 452
280 506
460 362
253 416
464 246
502 375
80 531
297 330
413 64
579 459
396 159
339 450
304 715
706 454
309 472
402 515
150 185
578 416
244 292
579 501
324 111
532 229
503 381
450 422
294 363
231 545
762 339
455 496
612 168
294 376
439 413
434 494
541 581
363 195
600 705
561 583
384 193
583 729
244 506
266 238
407 710
493 450
508 384
704 436
567 401
445 596
355 238
148 414
263 602
384 499
218 415
378 718
416 201
429 276
592 586
156 309
554 275
508 314
607 604
623 330
631 501
391 732
498 562
519 449
683 419
449 301
197 297
342 283
152 361
589 241
639 464
475 253
543 131
653 482
489 423
188 558
474 279
218 565
265 388
182 333
169 414
466 305
408 652
310 601
302 357
225 387
163 388
378 405
317 414
88 351
246 147
499 359
429 588
568 671
410 494
352 695
242 585
497 596
299 344
300 422
273 454
454 397
175 332
588 713
291 730
206 382
324 185
447 583
276 364
687 512
560 321
701 327
624 507
534 610
462 68
102 211
241 377
427 552
498 407
141 424
184 589
207 376
398 369
340 635
239 519
510 356
349 278
381 485
493 359
349 544
86 282
253 473
187 497
504 725
761 435
247 608
567 413
472 266
561 268
418 134
410 372
536 541
630 637
664 276
227 612
582 107
628 618
528 615
427 454
411 352
519 686
276 126
410 213
746 310
283 530
126 454
379 691
222 450
553 359
590 412
405 571
250 399
396 396
609 716
337 565
296 116
402 544
747 276
50 375
339 499
480 57
55 317
232 365
210 655
145 238
243 393
374 91
235 539
539 702
361 594
101 423
437 157
468 726
316 371
155 610
337 498
251 566
468 91
287 507
444 380
614 633
521 352
290 387
522 284
255 352
365 422
522 612
271 385
235 636
532 215
411 410
272 215
360 521
246 425
349 303
609 138
277 587
271 167
150 583
132 462
638 519
526 554
218 460
387 272
309 361
544 538
55 276
89 421
600 560
391 524
647 418
286 704
546 455
306 348
399 156
491 439
368 602
350 701
431 339
271 628
121 547
401 345
523 348
206 471
192 440
169 232
588 208
417 273
284 385
471 507
736 327
124 418
454 425
543 546
182 526
372 525
161 380
351 433
390 185
317 549
401 209
523 560
316 411
515 239
115 390
349 456
532 138
356 122
244 445
221 521
589 506
382 253
556 377
484 159
642 524
470 243
401 111
210 223
533 545
344 623
368 344
229 307
355 159
72 401
214 437
407 201
469 442
272 233
112 555
361 502
113 511
156 320
643 472
92 441
728 339
395 249
418 323
652 526
460 145
220 193
317 670
601 446
167 436
455 456
126 517
508 253
173 400
83 438
581 223
586 69
508 591
619 536
576 471
137 430
200 395
503 670
118 551
247 193
376 144
486 413
392 398
340 136
456 185
677 348
251 699
244 341
337 67
498 147
651 370
516 321
180 132
430 341
232 440
178 423
153 577
202 291
503 519
471 351
623 458
426 621
373 340
324 489
300 533
398 533
314 683
400 634
589 359
439 272
231 247
451 403
354 450
61 487
474 136
451 216
331 610
368 175
603 236
515 575
350 594
396 373
440 535
325 559
422 415
540 294
626 657
337 722
241 106
71 468
488 397
468 424
308 240
425 203
384 358
587 226
300 254
497 508
192 509
550 256
124 481
573 564
494 45
633 408
245 351
292 457
456 465
408 445
228 579
449 416
396 391
362 282
587 494
443 266
520 500
135 520
458 288
195 658
371 393
244 314
208 320
438 703
333 222
287 362
493 337
204 391
387 271
601 327
536 557
318 244
453 589
420 682
240 552
453 313
565 250
282 422
254 613
188 491
695 350
495 503
518 465
681 470
639 347
319 377
255 283
336 634
472 604
302 172
45 455
205 436
576 440
215 281
428 419
269 220
369 143
483 264
193 348
380 307
482 109
569 439
432 488
363 121
506 141
359 571
477 601
631 369
654 367
606 388
361 537
182 218
184 456
361 345
541 495
294 318
112 306
347 726
337 264
756 389
568 580
350 482
470 208
446 361
520 461
315 289
277 464
337 490
287 286
493 309
333 562
241 432
539 473
463 394
58 509
419 488
557 308
462 306
476 261
499 342
265 600
496 94
372 551
467 184
586 528
325 593
364 293
102 163
362 290
532 308
178 492
461 125
304 324
338 358
209 299
234 556
507 315
757 409
470 481
361 480
465 413
260 380
473 658
641 154
306 256
500 446
441 318
131 541
292 665
449 176
522 442
604 573
678 436
406 402
639 492
448 39
459 394
237 313
439 109
641 532
204 604
153 502
317 577
670 509
712 250
666 354
358 247
413 189
87 234
390 246
393 593
516 576
376 481
556 207
594 537
76 333
279 399
472 481
313 506
564 460
221 260
275 396
235 159
127 444
488 485
437 270
240 152
567 236
274 624
511 191
265 412
361 543
742 272
325 483
518 301
186 635
584 431
259 299
309 511
346 211
532 331
201 435
620 585
313 383
308 318
262 425
412 471
593 211
666 238
234 390
217 638
378 149
458 536
476 385
139 574
741 280
320 352
567 495
336 363
195 122
109 509
507 621
425 636
564 99
322 497
466 623
235 118
472 122
365 352
244 174
554 437
652 285
495 482
340 215
455 550
492 276
524 247
361 591
195 214
217 130
118 276
356 119
449 398
481 523
535 609
467 481
535 299
64 464
383 238
260 431
674 579
348 349
661 275
146 369
233 148
412 319
486 174
498 323
217 287
567 291
517 220
600 433
411 643
532 296
225 333
636 350
407 521
546 98
252 513
364 329
268 80
458 89
477 264
530 391
390 347
740 518
473 291
484 176
338 239
582 656
322 729
259 91
205 403
176 287
204 389
610 396
426 392
326 202
511 61
322 384
690 498
460 317
268 494
235 440
104 486
659 384
322 349
233 317
271 529
535 430
302 276
716 274
408 395
242 116
129 213
340 245
387 286
164 346
329 655
514 499
436 120
525 338
374 672
180 502
506 375
190 424
469 105
221 444
416 357
487 551
225 247
482 85
249 130
537 255
660 324
437 229
636 377
205 119
524 345
360 133
644 354
484 540
298 494
229 586
728 528
436 497
109 501
254 309
208 375
545 247
511 80
168 449
582 491
250 327
231 425
760 447
261 505
415 726
344 110
294 701
258 550
215 76
670 348
487 540
249 438
86 457
641 504
337 291
426 658
538 309
330 158
469 296
380 331
434 412
592 110
383 385
436 562
387 303
515 348
650 257
326 550
459 471
473 415
422 553
393 496
467 479
343 763
453 292
592 570
387 426
326 442
448 251
675 252
326 287
437 462
194 358
193 276
455 248
56 253
743 520
651 274
635 285
233 571
408 449
564 140
438 162
408 506
460 745
122 365
719 506
626 573
474 638
388 78
427 459
556 268
386 413
459 698
